Date,Aircraft Type,Aircraft Ident,Route of Flight,Time in Flight,Day Landings,Night Landings,Instrument,Simulated Instrument,Approaches,Simulator,Night,Cross Country,Solo,Pilot in Command,Second in Command,Dual,As Instructor,Turbojet,Tailwheel,SIC Landings Day,Sic Landings Night,Turbine,Complex,Multiengine Land,Night PIC,Night SIC,Cross Country SIC,PIC Night Landings,Student Ground,Flight Instructor Pay,Remarks
7/20/1997,C150H,N22974,FFC-FFC,1.1,2,0,0,0,0,0,0,0,0,0,0,1.1,0,,,,,,,,,,,,,,
7/25/1997,C150H,N22974,FFC-4A7-FFC,1.1,3,0,0,0,0,0,0,0,0,0,0,1.1,0,,,,,,,,,,,,,,
7/27/1997,C150H,N22974,FFC-CCO-FFC,1,3,0,0,0,0,0,0,0,0,0,0,1,0,,,,,,,,,,,,,,
7/28/1997,C150H,N22974,FFC-FFC,1.2,2,0,0,0,0,0,0,0,0,0,0,1.2,0,,,,,,,,,,,,,,
8/3/1997,C150H,N22974,FFC-4A7-FFC,1.2,3,0,0,0,0,0,0,0,0,0,0,1.2,0,,,,,,,,,,,,,,
8/4/1997,C150H,N22974,FFC-FFC,1,5,0,0,0,0,0,0,0,0,0,0,1,0,,,,,,,,,,,,,,
8/5/1997,C150G,N4838X,FFC-FFC,0.8,4,0,0,0,0,0,0,0,0,0,0,0.8,0,,,,,,,,,,,,,,
8/8/1997,C150G,N4838X,FFC-FFC,1,7,0,0,0,0,0,0,0,0,0,0,1,0,,,,,,,,,,,,,,
8/11/1997,C150H,N22974,FFC-FFC,1.1,8,0,0,0,0,0,0,0,0,0,0,1.1,0,,,,,,,,,,,,,,
8/12/1997,C150H,N22974,FFC-FFC,1.2,3,0,0,0,0,0,0,0,0,0,0,1.2,0,,,,,,,,,,,,,,
8/13/1997,C150H,N22974,FFC-FFC,1,2,0,0,0,0,0,0,0,0,0,0,1,0,,,,,,,,,,,,,,
8/14/1997,C150H,N22974,FFC-FFC,1.2,1,0,0,0,0,0,0,0,0,0,0,1.2,0,,,,,,,,,,,,,,
8/17/1997,C150H,N22974,FFC-FFC,1,1,0,0,0,0,0,0,0,0,0,0,1,0,,,,,,,,,,,,,,
8/19/1997,C150H,N22974,FFC-FFC,1.1,3,0,0,0,0,0,0,0,0,0,0,1.1,0,,,,,,,,,,,,,,
8/20/1997,C150H,N7029S,FFC-FFC,1.2,7,0,0,0,0,0,0,0,0,0,0,1.2,0,,,,,,,,,,,,,,
8/21/1997,C150H,N22974,FFC-FFC,1,6,0,0,0,0,0,0,0,0,0,0,1,0
8/24/1997,C150H,N7029S,FFC-FFC,1.2,7,0,0,0,0,0,0,0,0,0,0,1.2,0
8/26/1997,C150H,N7029S,FFC-FFC,1,2,0,0,0,0,0,0,0,0,0,0,1,0
8/28/1997,C150H,N7029S,FFC-FFC,1,2,0,0,0,0,0,0,0,0,0,0,1,0
8/31/1997,C150H,N7029S,FFC-FFC,1,2,0,0,0,0,0,0,0,0,0,0,1,0
9/2/1997,C150H,N7029S,FFC-FFC,1,2,0,0,0,0,0,0,0,0,0,0,1,0
9/3/1997,C150H,N7029S,FFC-FFC,1,5,0,0,0,0,0,0,0,0,0,0,1,0
9/9/1997,C150H,N7029S,FFC-FFC,1,5,0,0,0,0,0,0,0,0,0,0,1,0
9/10/1997,C150H,N7029S,FFC-FFC,0.8,4,0,0,0,0,0,0,0,0,0,0,0.8,0
9/13/1997,C150H,N7029S,FFC-FFC,1,4,0,0,0,0,0,0,0,0,0,0,1,0
9/29/1997,C150H,N7029S,FFC-FFC,1.1,6,0,0,0,0,0,0,0,0,0,0,1.1,0
9/30/1997,C150G,N4838X,FFC-FFC,1.4,1,0,0,0,0,0,0,0,0,0,0,1.4,0
10/2/1997,C150H,N7029S,FFC-FFC,0.8,4,0,0,0,0,0,0,0,0,0,0,0.8,0
10/2/1997,C150H,N7029S,FFC-FFC,0.5,4,0,0,0,0,0,0,0,0.5,0.5,0,0,0
10/5/1997,C150H,N7029S,FFC-FFC,0.7,4,0,0,0,0,0,0,0,0.7,0.7,0,0,0
10/7/1997,C150H,N7029S,FFC-FFC,0.8,5,0,0,0,0,0,0,0,0.8,0.8,0,0,0
10/8/1997,C150H,N7029S,FFC-FFC,1,6,0,0,0,0,0,0,0,1,1,0,0,0
10/11/1997,C150H,N7029S,FFC-CCO-FFC,1.1,4,0,0,0,0,0,0,0,0,0,0,1.1,0
10/15/1997,C150H,N7029S,FFC-FFC,1,4,0,0,0,0,0,0,0,0,0,0,1,0
10/19/1997,C150H,N7029S,FFC-FFC,0.7,5,0,0,0,0,0,0,0,0.7,0.7,0,0,0
10/27/1997,C150H,N7029S,FFC-FFC,1.1,5,0,0,0,0,0,0,0,1.1,0,0,1.1,0
10/28/1997,C150H,N7029S,FFC-CCO-FFC,0.9,3,0,0,0,0,0,0,0,0.9,0.9,0,0,0
10/29/1997,C150H,N7029S,FFC-FFC,1.1,5,0,0,0,0,0,0,0,0,0,0,1.1,0
11/2/1997,C150H,N7029S,FFC-FFC,1.1,4,0,0,0,0,0,0,0,0,0,0,1.1,0
11/4/1997,C150H,N7029S,FFC-FFC,1,6,0,0,0,0,0,0,0,0,0,0,1,0
11/9/1997,C150H,N22974,FFC-CSG-FFC,2,2,0,0,0,0,0,0,2,0,0,0,2,0
11/11/1997,C150H,N7029S,FFC-CCO-FFC,1.3,5,0,0,0,0,0,0,0,1.3,1.3,0,0,0
11/16/1997,C150H,N22974,FFC-MCN-FFC,2.3,2,0,0,0,0,0,0,2.3,0,0,0,2.3,0
11/16/1997,C150H,N22974,FFC-MCN-FFC,2.3,1,1,0,0,0,0,0.3,2.3,0,0,0,2.3,0
11/18/1997,C150H,N7029S,FFC-GA2-FFC,1.3,4,0,0,0,0,0,0,0,0,0,0,1.3,0
11/23/1997,C152,N64932,FFC-AHN-FFC,2.3,0,2,0,0,0,0,2.3,2.3,0,0,0,2.3,0
12/2/1997,C150H,N7029S,FFC-FFC,1.3,3,0,0,0,0,0,0,0,0,0,0,1.3,0
12/7/1997,C152,N64932,FFC-CSG-FFC,2,4,0,0,0,0,0,0,2,0,0,0,2,0
12/10/1997,C150G,N4838X,FFC-FFC,1,5,0,0,0,0,0,0,0,0,0,0,1,0
12/20/1997,C150H,N7029S,FFC-FFC,1.1,4,0,0,0,0,0,0,0,1.1,1.1,0,0,0
12/26/1997,C150H,N7029S,FFC-FFC,1.1,5,0,0,0,0,0,0,0,1.1,1.1,0,0,0
12/28/1997,C150H,N22974,FFC-AUO-FFC,1.8,2,0,0,0,0,0,0,1.8,1.8,1.8,0,0,0
1/2/1998,C172M,N12672,FFC-FFC,1,0,1,0,0,0,0,1,0,0,0,0,1,0
1/11/1998,C150H,N22974,FFC-MCN-FFC,2,2,0,0,0,0,0,0,2,2,0,0,0,0
1/18/1998,C150H,N7029S,FFC-6A2-FFC,1.4,6,0,0,0,0,0,0,0,1.4,1.4,0,0,0
1/20/1998,C150H,N22974,FFC-MCN-CSG-FFC,2.8,3,0,0,0,0,0,0,2.8,2.8,2.8,0,0,0
1/29/1998,C150H,N7029S,FFC-CCO-FFC,1.2,4,0,0,0.6,0,0,0,0,0,0,0,1.2,0
2/7/1998,C150H,N7029S,FFC-FFC,1,1,0,0,0,0,0,0,0,0,0,0,1,0
2/8/1998,C150G,N4838X,FFC-CCO-FFC,0.8,5,0,0,0,0,0,0,0,0.8,0.8,0,0,0
2/10/1998,C150H,N7029S,FFC-FFC,1.6,1,0,0,0,0,0,0,0,0,0,0,1.6,0
2/13/1998,C150H,N7029S,FFC-FFC,1.2,3,0,0,0,0,0,0,0,1.2,1.2,0,0,0
2/14/1998,C150H,N7029S,FFC-FFC,0.8,1,0,0,0,0,0,0,0,0,0,0,0.8,0
2/25/1998,C150H,N22974,FFC-FFC,1,5,0,0,0,0,0,0,0,1,1,0,0,0
3/2/1998,C150H,N7029S,FFC-FFC,0.9,3,0,0,0,0,0,0,0,0,0,0,0.9,0
3/3/1998,C150H,N7029S,FFC-FFC,1,2,0,0,0,0,0,0,0,0,0,0,1,0
3/12/1998,C150H,N22974,FFC-FFC,1,2,0,0,0,0,0,0,0,0,0,0,1,0
3/15/1998,C150G,N4838X,FFC-FFC,1,2,0,0,0,0,0,0,0,0,0,0,1,0
3/22/1998,C150H,N22974,FFC-FFC,1.1,5,0,0,0,0,0,0,0,0,0,0,1.1,0
3/24/1998,C150H,N22974,FFC-FFC,1.1,8,0,0,0,0,0,0,0,0,0,0,1.1,0
3/25/1998,C150G,N4838X,FFC-FFC,1.1,1,0,0,0,0,0,0,0,0,0,0,1.1,0
3/28/1998,C150G,N4838X,FFC-FFC,1,1,0,0,0,0,0,0,0,0,0,0,1,0
3/29/1998,C150G,N4838X,FFC-FFC,1.2,4,0,0,0,0,0,0,0,0,0,0,1.2,0
4/2/1998,C150H,N22974,FFC-FFC,1.3,2,0,0,0,0,0,0,0,0,0,0,1.3,0
4/4/1998,C150H,N22974,FFC-FFC,1.1,2,0,0,0,0,0,0,0,0,0,0,1.1,0
4/5/1998,C150H,N7029S,FFC-FFC,1.2,2,0,0,0,0,0,0,0,0,0,0,1.2,0
4/10/1998,C150H,N7029S,FFC-6A7-FFC,1.2,3,0,0,0,0,0,0,0,0,0,0,1.2,0
4/11/1998,C150H,N7029S,FFC-FFC,1.2,3,0,0,0,0,0,0,0,0,0,0,1.2,0
4/12/1998,C150H,N7029S,FFC-4A7-FFC,1.6,5,0,0,0,0,0,0,0,0,0,0,1.6,0
4/15/1998,C150H,N7029S,FFC-FFC,1,5,0,0,0,0,0,0,0,0,0,0,1,0
4/18/1998,C150H,N7029S,FFC-FFC,1,6,0,0,0,0,0,0,0,0,0,0,1,0
4/21/1998,C150H,N7029S,FFC-4A7-FFC,1.1,2,0,0,0,0,0,0,0,0,0,0,1.1,0
4/22/1998,C150H,N7029S,FFC-FFC,1,2,0,0,0,0,0,0,0,0,0,0,1,0
4/23/1998,C150H,N7029S,FFC-FFC,0.9,1,0,0,0,0,0,0,0,0.9,0.9,0,0,0
4/25/1998,C150H,N7029S,FFC-FFC,1.1,5,0,0,0,0,0,0,0,0,0,0,1.1,0
4/26/1998,C150H,N7029S,FFC-FFC,0.9,1,0,0,0,0,0,0,0,0,0,0,0.9,0
4/27/1998,C150H,N7029S,FFC-FFC,1.2,4,0,0,0,0,0,0,0,0,0,0,1.2,0
4/29/1998,C150H,N7029S,FFC-FFC,1.1,5,0,0,0,0,0,0,0,0,0,0,1.1,0
5/2/1998,C150H,N22974,FFC-FFC,1.2,3,0,0,0,0,0,0,0,0,0,0,1.2,0
5/3/1998,C150H,N22974,FFC-FFC,0.3,1,0,0,0,0,0,0,0,0,0,0,0.3,0
5/4/1998,C150H,N22974,FFC-FFC,1.1,1,0,0,0,0,0,0,0,0,0,0,1.1,0
5/5/1998,C150H,N22974,FFC-FFC,0.9,6,0,0,0,0,0,0,0,0,0,0,0.9,0
5/6/1998,C150H,N22974,FFC-FFC,1.2,1,0,0,0,0,0,0,0,0,0,0,1.2,0
5/9/1998,C150H,N22974,FFC-FFC,1.2,4,0,0,0,0,0,0,0,0,0,0,1.2,0
5/11/1998,C150H,N22974,FFC-FFC,2,4,0,0,0,0,0,0,0,0,0,0,2,0
5/12/1998,C150H,N22974,FFC-FFC,2,1,0,0,0,0,0,0,0,0,0,0,2,0
5/13/1998,C150H,N22974,FFC-AUO,1,1,0,0,0,0,0,0,1,1,1,0,0,0,,,,,,,,,,,,,,
5/13/1998,C150H,N22974,AUO-AUO,1.5,3,0,0,0,0,0,0,0,0,1.5,0,0,0,,,,,,,,,,,,,,PRIVATE PILOT
5/13/1998,C150H,N22974,AUO-FFC,1.1,1,0,0,0,0,0,0,1.1,1.1,1.1,0,0,0,,,,,,,,,,,,,,
5/14/1998,C172G,N4310L,FFC-FFC,1,1,0,0,0,0,0,0,0,0,1,0,1,0,,,,,,,,,,,,,,
5/19/1998,C172P,N63222,FFC-LGC-FFC,1.5,4,0,0,0,0,0,0,0,0,1.5,0,1.5,0,,,,,,,,,,,,,,
5/21/1998,C172M,N22964,FFC-FFC,1,7,0,0,0,0,0,0,0,0,1,0,1,0,,,,,,,,,,,,,,
5/23/1998,C172M,N22964,FFC-FFC,1.2,7,3,0,0,0,0,0.5,0,0,1.2,0,1.2,0,,,,,,,,,,,,,,
5/23/1998,C172M,N22964,FFC-FFC,1.2,7,3,0,0,0,0,0.5,0,0,1.2,0,1.2,0,,,,,,,,,,,3,,,
5/24/1998,C172M,N22964,FFC-CCO-6A2-FFC,1.4,5,0,0,0,0,0,0,0,0,1.4,0,1.4,0,,,,,,,,,,,,,,
5/28/1998,C172M,N12672,FFC-6A2-FFC,0.9,3,0,0,0,0,0,0,0,0.9,0.9,0,0,0,,,,,,,,,,,,,,
6/2/1998,C172M,N19853,FFC-LZU-FFC,2,1,1,0,0,0,0,1,2,0,2,0,0,0,,,,,,,,,,,,,,
6/7/1998,C172H,N8252L,FFC-PIM-OPN-FFC,1.9,3,0,0,0,0,0,0,0,0,1.9,0,0,0,,,,,,,,,,,,,,
6/9/1998,C172M,N22964,FFC-FFC,0.8,6,0,0,0,0,0,0,0,0.8,0.8,0,0,0,,,,,,,,,,,,,,
6/21/1998,C172M,N19853,FFC-CSG-OPN-FFC,2.5,2,0,0,0,0,0,0,2.5,0,2.5,0,2.5,0,,,,,,,,,,,,,,
6/23/1998,C172M,N12672,FFC-4A7-FFC,1.6,3,0,0,0,0,0,0,0,0.8,1.6,0,0,0,,,,,,,,,,,,,,
6/27/1998,C172M,N19853,FFC-LZU-FFC,2,1,1,0,0,0,0,0.5,0,0,2,0,2,0,,,,,,,,,,,,,,
7/7/1998,C172P,N63222,FFC-FFC,1.4,1,0,0,0,0,0,0,0,1.4,1.4,0,0,0,,,,,,,,,,,,,,
7/18/1998,C172M,N19853,FFC-AHN-FFC,2.8,1,1,0,0,0,0,0.5,0,0,2.8,0,2.8,0,,,,,,,,,,,,,,
7/19/1998,PA28-161,N1190M,4A7-4A7,0.9,4,0,0,0,0,0,0,0,0,0.9,0,0.9,0,,,,,,,,,,,,,,
7/21/1998,C172M,N19853,FFC-CCO-FFC,1.2,2,0,0,0,0,0,0,0,0,1.2,0,1.2,0,,,,,,,,,,,,,,
7/26/1998,C172F,N5419R,4A7-PDK-4A7,1.5,1,1,0,0,0,0,0.6,0,0,1.5,0,0,0,,,,,,,,,,,,,,
8/2/1998,C172M,N19853,FFC-CSG-FFC,2.3,1,1,0,0,0,0,0.5,2.3,0,2.3,0,2.3,0,,,,,,,,,,,,,,1VOR 2 ILS BRAD FIDDLER
8/4/1998,C172M,N19853,FFC-CCO-FFC,1.5,1,0,0,0,0,0,0,0,0,1.5,0,1.5,0,,,,,,,,,,,,,,2 LOC BRAD FIDDLER
8/6/1998,C172M,N12672,FFC-ANB-FFC,1.9,1,1,0,1,0,0,0.6,0,0,1.9,0,1.9,0,,,,,,,,,,,1,,,
8/11/1998,C172P,N63222,FFC-CCO-FFC,1.2,3,0,0,0,0,0,0,0,0,1.2,0,1.2,0,,,,,,,,,,,,,,
8/18/1998,PA28-161,N1190M,4A7-CCO-4A7,1.3,1,1,0,0,0,0,0.5,0,0,1.3,0,0,0,,,,,,,,,,,,,,
8/22/1998,C172P,N63222,FFC-6A2-4A7-FFC,1.4,2,0,0,0,0,0,0,0,1.4,1.4,0,0,0,,,,,,,,,,,,,,
8/23/1998,C172M,N12672,FFC-LGC-FFC,1.8,2,0,0,1,0,0,0,0,0,1.8,0,1.8,0,,,,,,,,,,,,,,HOLDING 1 ILS BRAD FIDDLER
8/26/1998,C172M,N19853,FFC-MCN-FFC,2.3,2,0,0,1.5,0,0,0,2.3,0,2.3,0,2.3,0,,,,,,,,,,,,,,
8/29/1998,C172M,N12672,FFC-MCN-FFC,1.6,1,0,0,0.8,0,0,0,1.6,0,1.6,0,1.6,0,,,,,,,,,,,,,,
9/1/1998,C172M,N12672,FFC-4A7-FFC,1.2,4,0,0,0,0,0,0,0,1.2,1.2,0,0,0,,,,,,,,,,,,,,
10/1/1998,C172M,N12672,FFC-FFC,1.1,6,0,0,0,0,0,0,0,1.1,1.1,0,0,0,,,,,,,,,,,,,,
10/4/1998,C172M,N19853,FFC-AUO-FFC,2.2,0,2,0,0.5,0,0,2.2,2.2,0,2.2,0,2.2,0,,,,,,,,,,,,,,2 VOR BRAD FIDDLER
10/15/1998,C172M,N19853,FFC-MBT,2,1,0,0,0,0,0,0,2,2,2,0,0,0,,,,,,,,,,,,,,
10/15/1998,C172M,N19853,MBT-FFC,2,0,1,0,0,0,0,2,2,2,2,0,0,0,,,,,,,,,,,,,,
10/17/1998,C172M,N19853,FFC-CSG-FFC,1.7,2,0,0,1,0,0,0,1.7,0,1.7,0,1.7,0,,,,,,,,,,,,,,BRAD FIDDLER
10/24/1998,C172M,N19853,FFC-CDK-FFC,2.6,1,0,0,0,0,0,0,2.6,0,2.6,0,0,0,,,,,,,,,,,,,,
10/24/1998,C172M,N19853,CDK-CDY-FFC,3,0,2,0,0,0,0,3,3,0,3,0,0,0,,,,,,,,,,,,,,
11/1/1998,C172P,N63222,FFC-ANB-FFC,1.8,1,1,0,0,0,0,0.2,1.8,0,1.8,0,0,0,,,,,,,,0.2,,,1,,,
11/3/1998,C172P,N63222,FFC-ANB-FFC,1.9,2,2,0,0,0,0,0.2,1.9,1.9,1.9,0,0,0,,,,,,,,,,,,,,
11/17/1998,C172P,N63222,FFC-SAV,2,0,1,0,0,0,0,1.7,2,2,2,0,0,0,,,,,,,,1.7,,,1,,,
11/17/1998,C172P,N63222,SAV-FFC,2.3,0,1,0,0,0,0,2.3,2.3,2.3,2.3,0,0,0,,,,,,,,2.3,,,1,,,
11/21/1998,C172P,N63222,FFC-CTJ-CHA,1.9,0,2,0,0,0,0,1.9,1.9,0,1.9,0,0,0,,,,,,,,1.9,,,2,,,
11/30/1998,C172P,N63222,FFC-OPN-FFC,1.1,2,0,0,0,0,0,0,0,1.1,1.1,0,0,0,,,,,,,,,,,,,,
12/5/1998,C172N,N737PD,FFC-FFC,1.4,0,1,0,1.4,0,0,0.4,0,0,1.4,0,1.4,0,,,,,,,,0.4,,,1,,,
12/6/1998,C172N,N737PD,FFC-FFC,1.8,2,0,0,1.8,0,0,0,0,0,1.8,0,1.8,0,,,,,,,,,,,,,,
12/12/1998,C172M,N19853,FFC-FFC,1,1,0,0,0.9,0,0,0,0,0,1,0,1,0,,,,,,,,,,,,,,
12/13/1998,C172M,N19853,FFC-LGC-FFC,1.5,0,2,1.3,0,0,0,0.8,0,0,1.5,0,1.5,0,,,,,,,,0.8,,,2,,,
12/19/1998,C172M,N19853,FFC-CSG-FFC,1.7,0,2,1.5,0,0,0,0.8,1.7,0,1.7,0,1.7,0,,,,,,,,0.8,,,2,,,
12/27/1998,C172N,N737PD,FFC-RMG-FFC,2,2,0,1.3,0,0,0,0,2,0,2,0,2,0,,,,,,,,,,,,,,
12/30/1998,PA28-151,N57361,FFC-FFC,1,3,0,0,0,0,0,0,0,0,1,0,1,0,,,,,,,,,,,,,,1
12/30/1998,PA28-151,N57361,FFC-FFC,0.4,3,0,0,0,0,0,0,0,0.4,0.4,0,0,0,,,,,,,,,,,,,,
12/31/1998,C172N,N737PD,FFC-FFC,1.2,1,0,0,1.1,0,0,0,0,0,1.2,0,1.1,0,,,,,,,,,,,,,,
1/3/1999,C172N,N737PD,FFC-FFC,1.3,1,0,0,1.2,0,0,0,0,0,1.3,0,1.3,0,,,,,,,,,,,,,,
1/5/1999,C172N,N737PD,FFC-FFC,1.3,1,0,0,1.2,0,0,0,0,0,1.3,0,1.3,0,,,,,,,,,,,,,,
1/9/1999,C172N,N737PD,FFC-FFC,1.1,1,0,0,1,0,0,0,0,0,1.1,0,1.1,0,,,,,,,,,,,,,,
1/12/1999,C172N,N737PD,FFC-FFC,1.1,1,0,0,1,0,0,0,0,0,1.1,0,1.1,0,,,,,,,,,,,,,,
1/16/1999,C172N,N737PD,FFC-CCO-LGC-FFC,2,2,0,0,1.8,0,0,0,0,0,2,0,2,0,,,,,,,,,,,,,,
1/19/1999,C172N,N737PD,FFC-CCO-FFC,2,2,0,0,1.8,0,0,0,0,0,2,0,2,0,,,,,,,,,,,,,,
1/23/1999,C172N,N737PD,FFC-FFC,1.5,1,0,1.3,0,0,0,0,0,0,1.5,0,1.5,0,,,,,,,,,,,,,,
1/24/1999,C172N,N737PD,FFC-LGC-CCO-FFC,2,4,0,0,2,0,0,0,0,0,2,0,2,0,,,,,,,,,,,,,,
1/28/1999,C172N,N737PD,FFC-CTJ-FFC,1.6,0,1,0,1.4,0,0,1.6,0,0,1.6,0,1.6,0,,,,,,,,,,,1,,,
2/2/1999,C172N,N737PD,FFC-LGC-CCO-FFC,1.6,0,1,0,1.6,0,0,1.6,0,0,1.6,0,1.6,0,,,,,,,,,,,1,,,
2/4/1999,C172H,N2776L,CCO-CCO,0.7,3,0,0,0,0,0,0,0,0,0.7,0,0.7,0,,,,,,,,,,,,,,
2/6/1999,C172N,N737PD,FFC-LGC-CCO-FFC,1.9,1,0,0,1.8,4,0,0,0,0,1.9,0,1.9,0
2/7/1999,atc320,N9,FFC-FFC,0,0,0,0,1.3,2,1.3,0,0,0,0,0,1.3,0
2/7/1999,C172N,N739VR,CCO-AUO,1.5,0,1,0,0.5,2,0,1.5,1.5,0,1.5,0,0,0
2/13/1999,C172N,N737PD,FFC-CCO-FFC,1.2,1,0,0,1,0,0,0,0,0,1.2,0,1,0
2/16/1999,C172N,N737PD,FFC-FFC,1.2,1,0,0,1,3,0,0,0,0,1.2,0,1,0
2/20/1999,C172H,N8252L,FFC-LGC-FFC,1.7,0,1,0,1.5,4,0,1.7,0,0,1.7,0,1.7,0
3/3/1999,C172N,N737PD,FFC-FFC,1.5,0,1,0,1.3,3,0,1.5,0,0,1.5,0,1.5,0
3/4/1999,PA28-140,N33147,CCO-CCO,0.9,1,0,0,0,0,0,0,0,0,0.9,0,0.9,0
3/11/1999,PA28-140,N33147,CCO-FFC,1.5,3,0,0,0,0,0,0,0,0,1.5,0,0,0
3/11/1999,PA28-140,N33147,FFC-CCO,1,1,0,0,0,0,0,0,0,0,1,0,0,0
3/16/1999,PA28-140,N33147,CCO-CSG-CCO,1.7,3,0,0,0,0,0,0,0,1.7,1.7,0,0,0
3/16/1999,C150L,N19571,CCO-CCO,0.8,0,2,0,0.8,2,0,0.8,0,0,0.8,0,0.8,0
3/18/1999,C172N,N739VR,CCO-BHM-MGM-CCO,4.4,2,1,0,4.4,3,0,1.2,4.4,0,4.4,0,4.4,0
3/23/1999,C172N,N739VR,CCO-CCO,1,1,0,0,1,1,0,0,0,0,1,0,1,0
3/27/1999,C172N,N739VR,CCO-CCO,1.7,2,0,0,1,4,0,0,0,0,1.7,0,0,0
3/30/1999,C172N,N739VR,CCO-CCO,2.5,1,0,0.5,2,0,0,0,0,0,2.5,0,2.5,0
4/3/1999,C172N,N739VR,CCO-CCO,1,1,0,0,0,3,0,0,0,0,1,0,0,0
4/4/1999,C172N,N739VR,CCO-CCO,1.2,1,0,0,1.2,2,0,0,0,0,1.2,0,1.2,0
4/8/1999,C172N,N739VR,CCO-CCO,1,1,0,0,0.8,3,0,0,0,0,1,0,1,0
4/10/1999,C172N,N739VR,CCO-CCO,1,1,0,0,0,0,0,0,0,1,1,0,0,0
4/13/1999,C172N,N739VR,CCO-LGC-CCO,1.5,2,0,0,0,0,0,0,0,0,1.5,0,0,0
4/14/1999,C172N,N739VR,CCO-AUO,0.9,1,0,0,0,0,0,0,0.9,0.9,0.9,0,0,0
4/14/1999,C172N,N739VR,AUO-CCO,1.4,1,0,0,0,0,0,0,1.4,1.4,1.4,0,0,0
4/18/1999,C172N,N739VR,CCO-CCO,1.2,1,0,0,0,0,0,0,0,1.2,1.2,0,0,0
4/22/1999,C172N,N739VR,CCO-CCO,0.9,1,0,0,0.9,2,0,0,0,0,0.9,0,0.9,0
4/22/1999,PA28-140,N33147,CCO-RYY,0.7,1,0,0,0,0,0,0,0,0.7,0.7,0,0,0
5/1/1999,C172N,N739VR,CCO-CCO,1.6,1,0,0,1.5,0,0,0,0,0,1.6,0,1.6,0
5/2/1999,C172N,N739VR,VDI-CCO,1.7,1,0,0,0,0,0,0,1.7,0,1.7,0,0,0
5/8/1999,C172H,N2776L,CCO-LZU,1.2,1,0,0,0,0,0,0,1.2,0,1.2,0,0,0
5/8/1999,C172H,N2776L,LZU-CCO,0.9,0,1,0,0,0,0,0.9,0.9,0,0.9,0,0,0
5/9/1999,C172N,N739VR,FFC-CCO,0.9,0,1,0,0.8,2,0,0.9,0,0,0.9,0,0,0
5/11/1999,C172N,N739VR,CCO-CCO,1.2,1,0,0,0,0,0,0,0,1.2,1.2,0,0,0
5/15/1999,C172N,N739VR,CCO-CCO,1.2,2,0,0,0,1,0,0,0,1.2,1.2,0,0,0,,,,,,,,,,,,,,
5/15/1999,C172N,N739VR,DQH-DQH,1.5,1,0,0,1.5,0,0,0,0,0,1.5,0,0,0,,,,,,,,,,,,,,
5/16/1999,C172N,N739VR,CCO-CCO,1.5,1,0,0,1,2,0,0,0,0,1.5,0,1.5,0,,,,,,,,,,,,,,
5/18/1999,C172N,N739VR,CCO-DQH,1.8,1,0,0,0,0,0,0,1.8,1.8,1.8,0,0,0,,,,,,,,,,,,,,
5/18/1999,C172N,N739VR,DQH-DQH,1.1,1,0,0,0,0,0,0,0,1.1,1.1,0,0,0,,,,,,,,,,,,,,
5/19/1999,C172N,N739VR,DQH-DQH,1.5,1,0,0,0,0,0,0,0,0,1.5,0,0,0,,,,,,,,,,,,,,Instrument License
5/19/1999,C172N,N739VR,DQH-CCO,1.6,1,0,0,0,0,0,0,1.6,0,1.6,0,0,0,,,,,,,,,,,,,,
5/25/1999,C150L,N333FR,CCO-CCO,0.8,4,0,0,0,0,0,0,0,0.8,0.8,0,0,0,,,,,,,,,,,,,,
5/29/1999,C150L,N333FR,cco-cco,0.9,5,0,0,0,0,0,0,0,0.9,0.9,0,0,0,,,,,,,,,,,,,,
5/30/1999,C150L,N333FR,cco-cco,1.1,1,0,0,0,0,0,0,0,1.1,1.1,0,0,0,,,,,,,,,,,,,,
5/31/1999,C150L,N333FR,cco-cco,0.9,6,0,0,0,0,0,0,0,0.9,0.9,0,0,0,,,,,,,,,,,,,,
6/2/1999,C150L,N333FR,cco-cco,0.9,1,0,0,0,0,0,0,0,0.9,0.9,0,0,0,,,,,,,,,,,,,,
6/6/1999,C150L,N333FR,cco-cco,1.5,4,0,0,0,0,0,0,0,1.5,1.5,0,0,0,,,,,,,,,,,,,,
6/6/1999,C172H,N2776L,cco-cco,0.5,2,0,0,0,0,0,0,0,0.5,0.5,0,0,0,,,,,,,,,,,,,,
6/9/1999,C172N,N739VR,cco-cco,1.3,1,0,0,0,0,0,0,0,1.3,1.3,0,0,0,,,,,,,,,,,,,,
6/13/1999,C172N,N739VR,cco-cco,1.2,2,0,0,0,0,0,0,0,1.2,1.2,0,0,0,,,,,,,,,,,,,,
6/19/1999,C172N,N739VR,cco-cco,1,3,0,0,0,0,0,0,0,1,1,0,0,0,,,,,,
6/23/1999,C172RG,N273GT,ryy-ryy,1.2,1,0,0,0,0,0,0,0,0,1.2,0,1.2,0,,,,,,1.2
7/3/1999,C172RG,N273GT,ryy-ryy,1.1,1,0,0,0,0,0,0,0,0,1.1,0,1.1,0,,,,,,1.1
7/4/1999,C172RG,N274GT,RYY-RYY,1.3,5,0,0,0,0,0,0,0,0,1.3,0,1.3,0,,,,,,1.3
7/6/1999,C172RG,N274GT,ryy-ryy,1,7,0,0,0,0,0,0,0,0,1,0,1,0,,,,,,1
7/10/1999,C172RG,N273GT,ryy-ryy,1.4,5,0,0,0,0,0,0,0,0,1.4,0,1.4,0,,,,,,1.4
7/17/1999,C172RG,N273GT,ryy-ryy,1,8,0,0,0,0,0,0,0,0,1,0,1,0,,,,,,1
7/18/1999,C172RG,N273GT,ryy-ryy,1.4,1,0,0,0,0,0,0,0,0,1.4,0,1.4,0,,,,,,1.4
7/19/1999,C182M,N71866,fcc-6a2-fcc,0.8,2,0,0,0,0,0,0,0,0,0.8,0,0.8,0,,,,,,
7/20/1999,C172RG,N273GT,ryy-ryy,1.2,4,0,0,0,0,0,0,0,0,1.2,0,1.2,0,,,,,,1.2
7/22/1999,C182M,N71866,ffc-x60-x31-clw,3.8,3,0,0,0,0,0,0,3.8,3.8,3.8,0,0,0,,,,,,
7/24/1999,C182M,N71866,clw-ffc,3.1,1,0,0,0,0,0,0,3.1,3.1,3.1,0,0,0,,,,,,
8/3/1999,C172RG,N274GT,ryy-ryy,0.4,1,0,0,0,0,0,0,0,0,0.4,0,0.4,0,,,,,,0.4
8/10/1999,C172RG,N274GT,ryy-ryy,1.1,6,0,0,0,0,0,0,0,0,1.1,0,1.1,0,,,,,,1.1
8/14/1999,C182M,N71866,ffc-cco-ffc,1,0,3,0,0,0,0,1,0,1,1,0,0,0,,,,,,
8/14/1999,PA28R-200,N1534X,FFC-FFC,1.2,3,0,0,0,0,0,0,0,0,1.2,0,1.2,0,,,,,,1.2
8/16/1999,C172RG,N274GT,ryy-ryy,1.3,2,0,0,0,0,0,0,0,0,1.3,0,1.3,0,,,,,,1.3
8/22/1999,C182RG,N9139C,ryy-ryy,0.9,1,0,0,0,0,0,0,0,0,0.9,0,0.9,0,,,,,,0.9
8/28/1999,C172N,N739VR,cco-cco,0.5,3,0,0,0,0,0,0,0,0.5,0.5,0,0,0,,,,,,0.5
8/31/1999,C150L,N19571,cco-4a7-cco,1.2,2,0,0,0,0,0,0,0,1.2,1.2,0,0,0,,,,,,
9/3/1999,C150L,N333FR,cco-ffc-cco,1.2,5,0,0,0,0,0,0,0,0,1.2,0,0,0,,,,,,
9/4/1999,PA28R-200,N1534X,kffc-kffc,1.3,2,0,0,0,0,0,0,0,0,1.3,0,1.3,0,,,,,,1.3
9/7/1999,PA28R-200,N1534X,FFC-FFC,1.7,6,0,0,0,0,0,0,0,0,1.7,0,1.7,0,,,,,,1.7
9/9/1999,PA28R-200,N1534X,FFC-FFC,1.1,3,0,0,0,0,0,0,0,0,1.1,0,1.1,0,,,,,,1.1
9/14/1999,PA28R-200,N1534X,FFC-FFC,1.2,3,0,0,0,0,0,0,0,0,1.2,0,1.2,0,,,,,,1.2
9/15/1999,PA28R-200,N1534X,FFC-FFC,1,2,0,0,0,0,0,0,0,0,1,0,1,0,,,,,,1
9/21/1999,PA28R-200,N1534X,FFC-FFC,1,6,0,0,0,0,0,0,0,0,1,0,1,0,,,,,,1
9/21/1999,PA28R-200,N1534X,FFC-FFC,1,6,0,0,0,0,0,0,0,0,1,0,1,0,,,,,,1
9/22/1999,PA28R-200,N1534X,FFC-FFC,1.1,2,0,0,0,0,0,0,0,0,1.1,0,1.1,0,,,,,,1.1
9/26/1999,C172N,N739VR,CCO-CCO,1.8,3,0,0,1.4,3,0,0,0,0,1.8,0,0,0,,,,,,
9/30/1999,PA28R-200,N1534X,FFC-FFC,0.9,1,0,0,0,0,0,0,0,0,0.9,0,0.9,0,,,,,,0.9
9/30/1999,PA28R-200,N1534X,FFC-FFC,1.2,1,0,0,0,0,0,0,0,0,1.2,0,1.2,0,,,,,,1.2
10/1/1999,PA28R-200,N1534X,FFC-FTY-FCC,2.5,0,7,0,0,0,0,2.5,0,2.5,2.5,0,0,0,,,,,,2.5
10/2/1999,PA28R-200,N1534X,FFC-CCO-FFC,1.2,2,0,0,0,0,0,0,0,0,1.2,0,0,0,,,,,,1.2
10/7/1999,PA28R-200,N1534X,FFC-FFC,0.7,1,0,0,0,0,0,0,0,0,0.7,0,0.7,0,,,,,,0.7
10/10/1999,PA28R-200,N1534X,FFC-FFC,1.3,1,0,0,0,0,0,0,0,1.3,1.3,0,0,0,,,,,,1.3
10/14/1999,PA28R-200,N1534X,FFC-FFC,0.4,1,0,0,0,0,0,0,0,0.4,0.4,0,0,0,,,,,,0.4
10/15/1999,PA28R-200,N1534X,FFC-FFC,1.4,3,0,0,0,0,0,0,0,1.4,1.4,0,0,0,,,,,,1.4
10/16/1999,PA28R-200,N1534X,FFC-FFC,1.5,4,0,0,0,0,0,0,0,1.5,1.5,0,0,0,,,,,,1.5
10/18/1999,PA28R-200,N1534X,FFC-FFC,1,1,0,0,0,0,0,0,0,0,1,0,1,0,,,,,,1
10/21/1999,PA28R-200,N1534X,FFC-FFC,1,3,0,0,0,0,0,0,0,0,1,0,1,0,,,,,,1
10/21/1999,C182M,N71866,FFC-FTY-FFC,1.6,0,4,0,0,0,0,1.6,0,1.6,1.6,0,0,0,,,,,,
10/22/1999,PA28R-200,N1534X,FFC-FFC,1.4,6,0,0,0,0,0,0,0,0,1.4,0,1.4,0,,,,,,1.4
10/23/1999,PA28R-200,N1534X,FFC-FFC,0.8,2,0,0,0,0,0,0,0,0.8,0.8,0,0,0,,,,,,0.8
10/23/1999,PA28R-200,N1534X,FFC-FFC,1.4,2,0,0,0,0,0,0,0,1.4,1.4,0,0,0,,,,,,1.4
10/26/1999,PA28R-200,N43274,VPC-VPC,1.1,3,0,0,0,0,0,0,0,0,1.1,0,1.1,0,,,,,,1.1
10/28/1999,PA28R-200,N1534X,FFC-FFC,1.2,5,0,0,0,0,0,0,0,0,1.2,0,1.2,0,,,,,,1.2
10/30/1999,PA28R-200,N1534X,FFC-FFC,0.9,3,0,0,0,0,0,0,0,0.9,0.9,0,0,0,,,,,,0.9
11/3/1999,PA28R-200,N1534X,FFC-CCO-FFC,1,2,0,0,0,0,0,0,0,1,1,0,0,0,,,,,,1
11/3/1999,PA28R-200,N1534X,FFC-CCO-FFC,1,2,0,0,0,0,0,0,0,1,1,0,0,0,,,,,,1
11/7/1999,PA28R-200,N1534X,FFC-FFC,1.3,1,0,0,0,0,0,0,0,0,1.3,0,1.3,0,,,,,,1.3
11/7/1999,PA28R-200,N1534X,FFC-4A7-FFC,1,2,0,0,0,0,0,0,0,1,1,0,0,0,,,,,,1
11/8/1999,PA28R-200,N43274,VPC-FFC,0.7,1,0,0,0,0,0,0,0,0.7,0.7,0,0,0,,,,,,0.7
11/8/1999,PA28R-200,N43274,FFC-DQH,1.3,0,1,0,0,0,0,0.8,0,1.3,1.3,0,0,0,,,,,,1.3
11/9/1999,PA28R-200,N43274,DQH-DQH,0.8,1,0,0,0,0,0,0,0,0,0.8,0,0,0,,,,,,0.8
11/9/1999,PA28R-200,N43274,DQH-VPC,2,0,1,0,0,0,0,0.4,0,2,2,0,0,0,,,,,,0.4
11/17/1999,PA28R-200,N1534X,FFC-FFC,1.4,5,0,0,0,0,0,0,0,1.4,1.4,0,0,0,,,,,,1.4
11/22/1999,PA28R-200,N1534X,FFC-FFC,1.1,1,0,0,0,0,0,0,0,1.1,1.1,0,0,0,,,,,,1.1
11/23/1999,PA28R-200,N1534X,FFC-FFC,0.9,4,0,0,0,0,0,0,0,0.9,0.9,0,0,0,,,,,,0.9
11/27/1999,C150,N6486S,FFC-FFC,1,1,0,0,0.6,0,0,0,0,0,1,0,0,0,,,,,,
11/28/1999,PA28R-200,N1534X,FFC-FFC,1.2,2,0,0,0,0,0,0,0,1.2,1.2,0,0,0,,,,,,1.2
11/29/1999,PA28R-200,N1534X,FFC-6A2-FFC,1,4,0,0,0,0,0,0,0,0,1,0,1,0,,,,,,1
11/30/1999,PA28R-200,N1534X,FFC-CCO-FFC,1.1,3,0,0,0,0,0,0,0,0,1.1,0,1.1,0,,,,,,1.1
11/30/1999,PA28R-200,N1534X,FFC-DQH,1.2,0,1,0,0,0,0,0.3,0,1.2,1.2,0,0,0,,,,,,1.2
12/1/1999,PA28R-200,N1534X,DQH-DQH,1.4,3,0,0,0,0,0,0,0,0,1.4,0,1.4,0,,,,,,1.4,,,,,,,,Commercial license
12/1/1999,PA28R-200,N1534X,DQH-FFC,1.3,1,0,0,0,0,0,0,0,1.3,1.3,0,0,0,,,,,,1.3,,,,,,,,
12/8/1999,C150,N6486S,FFC-4AD-FFC,0.8,2,0,0,0,0,0,0,0,0.8,0.8,0,0,0,,,,,,,,,,,,,,
12/12/1999,C150,N6486S,FFC-RYY-FFC,1.5,2,0,0,0,0,0,0,0,1.5,1.5,0,0,0,,,,,,,,,,,,,,
12/23/1999,C182M,N71866,FFC-CCO-4A7-FFC,1,3,0,0,0,0,0,0,0,1,1,0,0,0,,,,,,,,,,,,,,
12/27/1999,C182M,N71866,FFC-DHN,1.2,1,0,0,0,0,0,0,1.2,1.2,1.2,0,0,0,,,,,,,,,,,,,,
1/10/2000,C150,N6486S,FFC-FFC,1,1,0,0,0,0,0,0,0,0,1,0,1,0,,,,,,,,,,,,,,
1/12/2000,C150,N6486S,FFC-FFC,0.9,1,0,0,0,0,0,0,0,0.9,0.9,0,0,0,,,,,,,,,,,,,,
1/16/2000,C172M,N12672,FFC-FFC,0.7,1,0,0,0,0,0,0,0,0.7,0.7,0,0,0,,,,,,,,,,,,,,
1/25/2000,C172M,N12672,FFC-FFC,0.5,1,0,0,0,0,0,0,0,0.5,0.5,0,0,0,,,,,,,,,,,,,,
2/2/2000,C150,N6486S,FFC-FFC,1,1,0,0,0,0,0,0,0,0,1,0,1,0,,,,,,,,,,,,,,
2/2/2000,C150,N6486S,FFC-FFC,0.5,1,0,0,0,0,0,0,0,0.5,0.5,0,0,0,,,,,,,,,,,,,,SPINS
2/2/2000,C150,N6486S,FFC-FFC,1.1,1,0,0,0,0,0,0,0,0,1.1,0,1.1,0,,,,,,,,,,,,,,
2/5/2000,PA28R-200,N1534X,FFC-CCO-FFC,1.3,3,0,0,0,0,0,0,0,1.3,1.3,0,0,0,,,,,,1.3,,,,,,,,
2/12/2000,PA28R-200,N1534X,FFC-FFC,0.8,2,0,0,0,0,0,0,0,0,0.8,0,0,0,,,,,,0.8,,,,,,,,
2/16/2000,C150,N6486S,FFC-FFC,0.9,0,5,0,0,0,0,0.9,0,0.9,0.9,0,0,0,,,,,,,,,,,,,,
2/17/2000,PA28R-200,N1534X,FFC-FFC,1,2,0,0,0,0,0,0,0,1,1,0,0,0,,,,,,1
2/29/2000,PA28R-200,N1534X,FFC-FFC,1.3,3,0,0,0,0,0,0,0,1.3,1.3,0,0,0,,,,,,1.3
3/2/2000,PA28R-200,N1534X,FFC-FFC,1.3,3,0,0,0,0,0,0,0,1.3,1.3,0,0,0,,,,,,1.3
3/5/2000,C150,N6486S,FFC-FFC,0.8,1,0,0,0,0,0,0,0,0,0.8,0,0,0,,,,,,
3/6/2000,C172,N71325,FFC-FFC,0.6,2,0,0,0,0,0,0,0,0,0.6,0,0,0,,,,,,
3/7/2000,PA28R-200,N1534X,FFC-FFC,1.2,3,0,0,0,0,0,0,0,1.2,1.2,0,0,0,,,,,,1.2
3/8/2000,PA28R-200,N1534X,FFC-FFC,0.4,2,0,0,0,0,0,0,0,0.4,0.4,0,0,0,,,,,,0.4
3/15/2000,C172M,N12672,FFC-FFC,1,4,0,0,0,0,0,0,0,1,1,0,0,0,,,,,,
3/18/2000,C172M,N12672,FFC-FFC,1.3,3,0,0,0,0,0,0,0,1.3,1.3,0,0,0,,,,,,
3/25/2000,C172,N71325,FFC-FFC,1.7,1,0,0,1.6,4,0,0,0,0,1.7,0,0,0,,,,,,
3/31/2000,PA28R-200,N1534X,FFC-FFC,1.2,1,0,0,0,0,0,0,0,0,1.2,0,1.2,0,,,,,,1.2
4/1/2000,C150,N6486S,FFC-8A9-FFC,0.9,2,0,0,0,0,0,0,0,0,0.9,0,0,0,,,,,,
4/5/2000,C150L,N19198,FFC-4A0-FFC,1.3,2,0,0,0,0,0,0,0,0,1.3,0,0,0,,,,,,
4/7/2000,C172,N71325,FFC-LGC-FFC,1.5,2,0,0,1,0,0,0,0,0,1.5,0,1.5,0,,,,,,
4/12/2000,C150,N6486S,ffc-ffc,1.2,2,0,0,0,0,0,0,0,1.2,1.2,0,0,0,,,,,,
4/12/2000,PA28R-200,N1534X,6a2-ffc,0.7,1,0,0,0,0,0,0,0,0.7,0.7,0,0,0,,,,,,0.7
4/16/2000,PA28R-200,N1534X,ffc-pim-ffc,2,5,0,0,0,0,0,0,0,0,2,0,0,0,,,,,,2,,,,,,,,
4/17/2000,PA28R-200,N1534X,ffc-ffc,0.8,2,0,0,0,0,0,0,0,0,0.8,0,0.8,0,,,,,,0.8,,,,,,,,
4/18/2000,C172,N71325,ffc-ffc,1.3,0,0,0,0,0,0,0,0,0,1.3,0,0,0,,,,,,,,,,,,,,safety pilot
4/19/2000,C172,N1749F,ffc-lgc-ffc,1.6,0,0,0,0,0,0,0,0,0,1.6,0,0,0,,,,,,,,,,,,,,safety pilot
4/21/2000,PA28R-200,N1534X,ffc-ffc,1.2,3,0,0,0,0,0,0,0,0,1.2,0,1.2,0,,,,,,1.2,,,,,,,,
4/23/2000,PA28R-200,N1534X,ffc-ffc,1.1,4,0,0,0,0,0,0,0,0,1.1,0,1.1,0,,,,,,1.1,,,,,,,,
4/29/2000,PA28R-200,N1534X,ffc-pim-ffc,1.6,2,0,0,0,0,0,0,0,0,1.6,0,0,0,,,,,,1.6,,,,,,,,
4/29/2000,C172,N1749F,ffc-ffc,1.4,2,0,0,0,0,0,0,0,0,1.4,0,0,0,,,,,,,,,,,,,,
4/30/2000,PA28R-200,N1534X,ffc-ffc,1.1,2,0,0,0,0,0,0,0,0,1.1,0,1.1,0,,,,,,1.1,,,,,,,,
5/1/2000,PA28R-200,N1534X,ffc-ffc,1.3,1,0,0,0,0,0,0,0,0,1.3,0,1.3,0,,,,,,1.3,,,,,,,,
5/5/2000,PA28R-200,N1534X,ffc-ffc,1,4,0,0,0,0,0,0,0,0,1,0,1,0,,,,,,1,,,,,,,,
5/6/2000,PA28R-200,N1534X,ffc-ffc,1.9,1,0,0,0,0,0,0,0,0,1.9,0,0,0,,,,,,1.9,,,,,,,,
5/8/2000,PA28R-200,N1534X,ffc-ffc,1.4,2,0,0,0,0,0,0,0,0,1.4,0,1.4,0,,,,,,1.4,,,,,,,,
5/11/2000,PA28R-200,N1534X,ffc-ffc,0.8,1,0,0,0.2,0,0,0,0,0,0.8,0,0.8,0,,,,,,0.8,,,,,,,,
5/13/2000,PA28R-200,N1534X,cco-fty-cco,2.1,6,0,0,0,0,0,0,0,0,2.1,0,0,0,,,,,,2.1,,,,,,,,
5/14/2000,PA28R-200,N1534X,ffc-cco,0.4,1,0,0,0,0,0,0,0,0.4,0.4,0,0,0,,,,,,0.4,,,,,,,,
5/14/2000,PA28R-200,N1534X,cco-cco,1.8,6,0,0,0,0,0,0,0,1.8,1.8,0,0,0,,,,,,1.8
5/14/2000,PA28R-200,N1534X,cco-ffc,0.4,1,0,0,0,0,0,0,0,0.4,0.4,0,0,0,,,,,,0.4
5/15/2000,PA28R-200,N1534X,ffc-ffc,1.2,1,0,0,0,0,0,0,0,0,1.2,0,0,0,,,,,,1.2
5/17/2000,PA28R-200,N1534X,ffc-cco-ffc,1.3,3,0,0,0,0,0,0,0,1.3,1.3,0,0,0,,,,,,1.3
5/18/2000,PA28R-200,N1534X,ffc-fty,0.5,1,0,0,0,0,0,0,0,0.5,0.5,0,0,0,,,,,,0.5
5/18/2000,PA28R-200,N1534X,fty-ffc,0.7,1,0,0,0,0,0,0,0,0.7,0.7,0,0,0,,,,,,0.7
5/24/2000,PA28R-200,N1534X,ffc-ffc,1.5,3,0,0,0,0,0,0,0,0,1.5,0,1.5,0,,,,,,1.5
5/29/2000,PA28R-200,N1534X,ffc-ffc,1.4,1,0,0,0,0,0,0,0,0,1.4,0,1.4,0,,,,,,1.4
5/30/2000,PA28R-200,N1534X,ffc-ffc,1.8,4,0,0,0,0,0,0,0,1.8,1.8,0,0,0,,,,,,1.8
5/31/2000,PA28R-200,N1534X,ffc-ffc,0.8,1,0,0,0,0,0,0,0,0,0.8,0,0.8,0,,,,,,0.8
6/6/2000,PA28R-200,N1534X,ffc-ffc,1.2,1,0,0,0,0,0,0,0,0,1.2,0,1.2,0,,,,,,1.2
6/12/2000,PA28R-200,N1534X,ffc-ffc,1.1,2,0,0,0,0,0,0,0,0,1.1,0,1.1,0,,,,,,1.1
6/13/2000,PA28R-200,N1534X,ffc-ffc,1.3,3,0,0,0,0,0,0,0,1.3,1.3,0,0,0,,,,,,1.3
6/14/2000,PA28R-200,N1534X,ffc-ffc,1.8,3,0,0,0,0,0,0,0,1.8,1.8,0,0,0,,,,,,1.8
6/15/2000,PA28R-200,N1534X,ffc-fty-ffc,1.1,2,0,0,0,0,0,0,0,0.5,1.1,0,0,0,,,,,,1.1
6/24/2000,PA28R-200,N1534X,ffc-ffc,0.7,2,0,0,0,0,0,0,0,0,0.7,0,0,0,,,,,,0.7
6/26/2000,PA28R-200,N1534X,ffc-cco-ffc,1.2,1,0,0,0,0,0,0,0,1.2,1.2,0,0,0,,,,,,1.2,,,,,,,,
6/27/2000,PA28R-200,N1534X,ffc-ffc,0.9,3,0,0,0,0,0,0,0,0,0.9,0,0,0,,,,,,0.9,,,,,,,,
6/29/2000,C150H,N7029S,ffc-ffc,1.1,2,0,0,0,0,0,0,0,0,1.1,0,0,0,,,,,,,,,,,,,,
6/30/2000,PA28R-200,N1534X,fty-fty,1.7,3,0,0,0,0,0,0,0,0,1.7,0,0,0,,,,,,1.7,,,,,,,,
6/30/2000,PA28R-200,N1534X,ffc-fty-ffc,1.5,2,0,0,0,0,0,0,0,1.5,1.5,0,0,0,,,,,,1.5,,,,,,,,
7/7/2000,C150L,N19198,ffc-ffc,1,5,0,0,0,0,0,0,0,0,1,0,0,1,,,,,,,,,,,,,,
7/8/2000,C172F,N8125U,ffc-ffc,0.7,2,0,0,0,0,0,0,0,0,0.7,0,0,0,,,,,,,,,,,,,,
7/9/2000,C172,N1749F,ffc-ffc,1,1,0,0,0,0,0,0,0,0,1,0,0,1,,,,,,,,,,,,,,
7/11/2000,C150,N6486S,FFC-FFC,1.1,1,0,0,0,0,0,0,0,1.1,1.1,0,0,1.1,,,,,,,,,,,,,,
7/13/2000,C172,N1749F,FFC-FFC,1.8,3,0,0,0,0,0,0,0,0,1.8,0,0,1.8,,,,,,,,,,,,,,
7/17/2000,C150L,N19198,FFC-FFC,1,1,0,0,0,0,0,0,0,0,1,0,0,1,,,,,,,,,,,,,,
7/17/2000,C172,N1749F,FFC-FFC,0.9,1,0,0,0,0,0,0,0,0,0.9,0,0,0.9,,,,,,,,,,,,,,
7/17/2000,C172,N1749F,FFC-FFC,1.3,1,0,0,0,0,0,0,0,0,1.3,0,0,1.3,,,,,,,,,,,,,,
7/17/2000,C172,N1749F,FFC-FFC,1.1,1,0,0,0,0,0,0,0,0,1.1,0,0,1.1,,,,,,,,,,,,,,
8/21/2004,THORP T-18,N9323A,2GA9-2GA9,2,5,0,0,0,0,0,0,0,0,2,0,0,0,,2,,,,,,,,,,,,Flying with Mike
12/22/2004,old logbook,OLD-LOGBOOK,OLD LOGBOOK,3060.8,3520,405,172.7,83.5,419,37.6,360.4,1862.1,235.1,1971.3,973.7,324.3,773.9,476.5,80.2,,,1467.6,2055.3,1590.6,,,,,,,
12/23/2004,C90,N24GJ,LZU PDK BNA LZU,2.7,2,1,0.3,0,1,0,0.9,2.7,0,2.7,0,0,0,,,,,2.7,2.7,2.7,,,,
12/26/2004,B200,N147NA,LZU SSI LZU,2.4,2,0,0,0,0,0,0,2.4,0,2.4,0,0,0,,,,,2.4,2.4,2.4,,,,
12/27/2004,C90,N24GJ,LZU PDK MGR PDK LZU,2.7,3,1,0,0,0,0,0.2,2.7,0,2.7,0,0,0,,,,,2.7,2.7,2.7,,,,
12/28/2004,C90,N24GJ,LZU BUY LZU,2.8,1,1,0,0,0,0,0.5,2.8,0,2.8,0,0,0,,,,,2.8,2.8,2.8,,,,
1/4/2005,C90,N24GJ,LZU JKA LZU,3.4,1,1,0,0,0,0,0.2,3.4,0,3.4,0,0,0,,,,,3.4,3.4,3.4,0.2,,,1
1/6/2005,C90,N24GJ,LZU DTS CLT LZU,5,3,0,0.5,0,0,0,0,5,0,5,0,0,0,,,,,5,5,5,,,,
1/7/2005,MU30,N399RP,LZU PDK BKL,1.8,2,0,0,0,0,0,0,1.8,0,0,1.8,0,0,1.8,,,,1.8,1.8,1.8,,,,
1/8/2005,MU30,N399RP,BKL MDW LZU,3,0,2,1.5,0,0,0,3,3,0,0,3,0,0,3,,,,3,3,3,,,,
1/9/2005,PA20,N2107A,HOME WDR HOME,1,4,0,0,0,0,0,0,0,1,1,0,0,0,,1,,,,,,,,,
1/10/2005,C90,N24GJ,LZU TOC OMN LZU,4.2,3,0,0,0,0,0,0,4.2,0,4.2,0,0,0,,,,,4.2,4.2,4.2,,,,
1/11/2005,C90,N24GJ,LZU SCX LZU,2.2,2,0,0,0,0,0,0,2.2,0,2.2,0,0,0,,,,,2.2,2.2,2.2,,,,
1/12/2005,C90,N24GJ,LZU PDK SSI PDK LZU,3.2,3,0,0.2,0,0,0,0,3.2,0,3.2,0,0,0,,,,,3.2,3.2,3.2,,,,
1/13/2005,MU30,N134RG,LZU RYY C26 SHD C26 RYY LZU,4.7,4,2,0.5,0,1,0,0.5,4.7,0,0,4.7,0,0,4.7,,,,4.7,4.7,4.7,,,,
1/17/2005,C90,N24GJ,LZU PDK RKW JAU,1.8,3,0,0,0,0,0,0,1.8,0,1.8,0,0,0,,,,,1.8,1.8,1.8,,,,
1/17/2005,C90,N24GJ,JAU DYB LZU,2.6,1,1,0,0,0,0,0.2,2.6,0,2.6,0,0,0,,,,,2.6,2.6,2.6,,,,
1/18/2005,C90,N24GJ,LZU MCN X13 MCN LZU,3.7,4,0,0,0,0,0,0,3.7,0,3.7,0,0,0,,,,,3.7,3.7,3.7,,,,
1/18/2005,PA20,N2107A,HOME HOME,0.5,4,0,0,0,0,0,0,0,0.5,0.5,0,0,0,,0.5,,,,,,,,,,,,
1/20/2005,B200,N147NA,LZU PDK BHM PDK LZU,2.3,3,1,0,0,0,0,0.1,2.3,0,2.3,0,0,0,,,,,2.3,2.3,2.3,,,,,,,
1/21/2005,C90,N24GJ,LZU CHS AHN LZU,3,3,0,0,0,0,0,0,3,0,3,0,0,0,,,,,3,3,3,,,,,,,
1/22/2005,C90,N24GJ,LZU ATL MWA LZU,4.6,2,1,0.4,0,0,0,1.1,4.6,0,4.6,0,0,0,,,,,4.6,4.6,4.6,,,,,,,
1/26/2005,B200,N147NA,LZU PDK ILM PDK LZU,3.7,3,1,0.2,0,0,0,0.2,3.7,0,3.7,0,0,0,,,,,3.7,3.7,3.7,,,,,,,
1/27/2005,B200,N147NA,LZU PDK BKW PDK LZU,3.4,3,1,0,0,0,0,0.2,3.4,0,3.4,0,0,0,,,,,3.4,3.4,3.4,,,,,,,
1/31/2005,B200,N147NA,LZU SSI PDK LZU,2.8,3,0,0.2,0,0,0,0,2.8,0,2.8,0,0,0,,,,,2.8,2.8,2.8,,,,,,,
2/1/2005,B200,N147NA,LZU JWN PDK LZU,2.6,3,0,0.2,0,0,0,0,2.6,0,2.6,0,0,0,,,,,2.6,2.6,2.6,,,,,,,
2/1/2005,B200,N147NA,LZU AHN LZU,1.2,3,0,0,0,3,0,0,1.2,0,1.2,0,0,0,,,,,1.2,1.2,1.2,,,,,,,135.297
2/2/2005,B200,N147NA,LZU AGS SGF TDF AGS LZU,8.6,3,2,1.7,0,1,0,1.1,8.6,0,8.6,0,0,0,,,,,8.6,8.6,8.6,,,,,,,
2/3/2005,B200,N147NA,LZU JWN LZU,2.5,2,0,0.7,0,1,0,0,2.5,0,2.5,0,0,0,,,,,2.5,2.5,2.5,,,,,,,
2/7/2005,B200,N147NA,LZU PDK RKW AVL PDK LZU,3.2,4,1,0,0,0,0,0.2,3.2,0,3.2,0,0,0,,,,,3.2,3.2,3.2,,,,,,,
2/9/2005,PA20,N2107A,HOME HOME,1.1,2,0,0,0,0,0,0,0,0,1.1,0,0,0,,1.1,,,,,,,,,,,,
2/10/2005,B200,N147NA,LZU PDK LZU,0.7,2,0,0,0,0,0,0,0,0,0.7,0,0,0,,,,,0.7,0.7,0.7,,,,,,,
2/11/2005,B200,N147NA,LZU AUO BWI LZU,5.4,2,0,0,0,0,0,0,5.4,0,5.4,0,0,0,,,,,5.4,5.4,5.4,,,,,,,
2/14/2005,B200,N147NA,LZU BHM FAY LZY,6.2,3,0,1.9,0,0,0,0,6.2,0,6.2,0,0,0,,,,,6.2,6.2,6.2,,,,,,,
2/15/2005,B200,N147NA,LZU SSI UNV,3.7,3,0,0.7,0,0,0,0,3.7,0,3.7,0,0,0,,,,,3.7,3.7,3.7
2/16/2005,B200,N147NA,UNV FAY MCO LZU,5.7,2,1,0,0,0,0,2,5.7,0,5.7,0,0,0,,,,,5.7,5.7,5.7
2/17/2005,MU30,N134RG,LZU PDK MIA ORF,4.4,3,0,0,0,0,0,0,4.4,0,0,4.4,0,0,4.4,,,,4.4,4.4,4.4
2/17/2005,MU30,N134RG,ORF FTY LZU,2.2,2,0,0,0,0,0,0,2.2,0,0,2.2,0,0,2.2,,,,2.2,2.2,2.2
2/18/2005,B200,N147NA,LZU PDK JAU PDK,2.1,3,0,0,0,0,0,0,2.1,0,2.1,0,0,0,,,,,2.1,2.1,2.1
2/18/2005,B200,N147NA,PDK MDW LZU,4,2,0,0,0,0,0,0,4,0,4,0,0,0,,,,,4,4,4
2/19/2005,PA20,N2107A,HOME HOME,0.5,3,0,0,0,0,0,0,0,0.5,0.5,0,0,0,,0.5,,,,,
2/21/2005,BE40,N401GJ,LZU SRQ PDK LZU,3.5,3,0,0,0,0,0,0,3.5,0,0,3.5,0,0,3.5,,,,3.5,3.5,3.5
2/24/2005,B200,N147NA,LZU FMY INT CYYZ PDK LZU,9.8,1,4,0.5,0,1,0,4.2,9.8,0,9.8,0,0,0,,,,,9.8,9.8,9.8
2/26/2005,PA20,N2107A,HOME FFC WDR HOME,2,4,0,0,0,0,0,0,0,0,2,0,0,0,,2,,,,,
3/1/2005,C90,N24GJ,LZU APF LZU,5.2,2,0,0,0,0,0,0,5.2,0,5.2,0,0,0,,,,,5.2,5.2,5.2
3/3/2005,C90,N24GJ,LZU SGJ SVH LZU,4.5,3,0,0.6,0,0,0,0,4.5,0,4.5,0,0,0,,,,,4.5,4.5,4.5
3/5/2005,B200,N147NA,LZU BKL LZU,4.1,0,2,0,0,0,0,2.1,4.1,0,4.1,0,0,0,,,,,4.1,4.1,4.1
3/6/2005,B200,N147NA,LZU GMU BHM LZU,2.8,0,3,0,0,0,0,2.8,2.8,0,2.8,0,0,0,,,,,2.8,2.8,2.8
3/8/2005,B200,N147NA,LZU SBO PDK LZU,1.9,3,0,0,0,0,0,0,1.9,0,1.9,0,0,0,,,,,1.9,1.9,1.9
3/9/2005,MU30,N399RP,LZU BNA AGS AVO,3.2,3,0,0,0,0,0,0,3.2,0,0,3.2,0,0,3.2,,3,,3.2,3.2,3.2
3/9/2005,MU30,N399RP,AVO FTY LZU,1.9,3,0,0,0,0,0,0,1.9,0,0,1.9,0,0,1.9,,2,,1.9,1.9,1.9,,,,
3/10/2005,B200,N147NA,LZU MDQ MSY LZU,4.4,3,0,0,0,0,0,0,4.4,0,4.4,0,0,0,,,,,4.4,4.4,4.4,,,,
3/11/2005,MU30,N399RP,LZU PBI LZU DET LZU,6.4,4,0,0,0,0,0,0,6.4,0,0,6.4,0,0,6.4,,4,,6.4,6.4,6.4,,,,
3/14/2005,C90,N24GJ,LZU CRG PDK LZU,3.3,0,3,0.2,0,0,0,3.3,3.3,0,3.3,0,0,0,,,,,3.3,3.3,3.3,,,,
3/22/2005,C90,N24GJ,LZU HYX LZU,5.7,2,0,0,0,0,0,0,5.7,0,5.7,0,0,0,,,,,5.7,5.7,5.7,,,,
3/23/2005,C90,N24GJ,LZU JKA INT LZU,5.7,1,2,0,0,0,0,4.9,5.7,0,5.7,0,0,0,,,,,5.7,5.7,5.7,,,,
3/25/2005,C90,N24GJ,MGR PDK LZU,1.3,2,0,0.3,0,0,0,0,1.3,0,1.3,0,0,0,,,,,1.3,1.3,1.3,,,,
3/25/2005,C90,N24GJ,LZU CHA LZU,1.1,1,1,0,0,0,0,0.4,1.1,0,1.1,0,0,0,,,,,1.1,1.1,1.1,0.4,,,1
3/28/2005,MU30,N134RG,LZU SVH MKY 55J,4.2,3,0,0.7,0,0,0,0,4.2,0,0,4.2,0,0,4.2,,3,,4.2,4.2,4.2,,,,
3/28/2005,MU30,N134RG,55J PDK LZU,1.5,2,0,0.5,0,2,0,0,1.5,0,0,1.5,0,0,1.5,,2,,1.5,1.5,1.5,,,,
4/1/2005,C90,N24GJ,LZU JKA LZU,3.5,2,0,1,0,1,0,0,3.5,0,3.5,0,0,0,,,,,3.5,3.5,3.5,,,,
4/3/2005,PA20,N2107A,HOME S&S WDR HOME,2,6,0,0,0,0,0,0,0,2,2,0,0,0,,2,,,,,,,,,
4/5/2005,PA20,N2107A,HOME FFC HOME,1.5,4,0,0,0,0,0,0,0,1.5,1.5,0,0,0,,1.5,,,,,,,,,
4/7/2005,C90,N24GJ,LZU JWN LZU,2.6,2,0,0.6,0,1,0,0,0,0,2.6,0,0,0,,,,,2.6,2.6,2.6,,,,
4/8/2005,C90,N24GJ,LZU PDK BNA PDK LZU,2.8,4,0,0.7,0,1,0,0,2.8,0,2.8,0,0,0,,,,,2.8,2.8,2.8,,,,
4/9/2005,C90,N24GJ,LZU MDW LZU,5.3,2,0,0,0,0,0,0,5.3,0,5.3,0,0,0,,,,,5.3,5.3,5.3,,,,
4/13/2005,B200,N147NA,LZU PDK LZU CHS LZU,3.1,4,0,0,0,0,0,0,3.1,0,3.1,0,0,0,,,,,3.1,3.1,3.1,,,,,,,
4/19/2005,B200,N147NA,LZU PDK ABY PDK LZU,2.4,4,0,0,0,0,0,0,2.4,0,2.4,0,0,0,,,,,2.4,2.4,2.4,,,,,,,
4/21/2005,B200,N147NA,LZU HXD AGC LZU,5.9,2,1,0,0,0,0,2,5.9,0,5.9,0,0,0,,,,,5.9,5.9,5.9,,,,,,,
4/22/2005,B200,N147NA,LZU CSG MKV,3.9,2,0,1,0,0,0,0,3.9,0,3.9,0,0,0,,,,,3.9,3.9,3.9,,,,,,,
4/24/2005,B200,N147NA,MKV AEX MKV CSG LZU,2.7,4,0,0,0,0,0,0,2.7,0,2.7,0,0,0,,,,,2.7,2.7,2.7,,,,,,,
4/29/2005,B200,N147NA,LZU MCN CHN,2.1,2,0,0,0,0,0,0,2.1,0,2.1,0,0,0,,,,,2.1,2.1,2.1,,,,,,,
4/29/2005,B200,N147NA,CHN SAV SUA LZU,5,3,0,0,0,0,0,0,5,0,5,0,0,0,,,,165,5,5,5,186.2,204.3,1010.5,263,,,
5/16/2005,PA20,N2107A,Home WDR LZU Home,1.3,3,0,0,0,0,0,0,0,1.3,1.3,0,0,0,,1.3,,,,,,,,,,,,
6/2/2005,C550,N304CS,FTY-MEM-DFW-MEM,3.5,3,0,0,0,0,0,0,3.5,0,1.2,2.3,0,0,3.5,,,,3.5,3.5,3.5,,,3.5,,,,
6/3/2005,C550,N304CS,MEM-JWN-GLD-MSO,6.1,3,0,0.2,0,1,0,0,6.1,0,1.1,5,0,0,6.1,,1,,6.1,6.1,6.1,,,5,,,,
6/5/2005,C550,N304CS,MSO-STS-TUL,6.1,2,0,0.2,0,0,0,0,6.1,0,2.5,3.6,0,0,6.1,,1,,6.1,6.1,6.1,,,3.6,,,,
6/6/2005,C550,N304CS,TUL-HSA-AVL-PWK-IAD,7.5,4,0,0.7,0,1,0,0,7.5,0,3.7,3.8,0,0,7.5,,2,,7.5,7.5,7.5,,,3.8,,,,
6/7/2005,C550,N304CS,IAD-LZU-DTS-CVG-GAI-SWF,7.4,4,1,0.2,0,0,0,0.5,7.4,0,4.8,2.6,0,0,7.4,,2,1,7.4,7.4,7.4,,0.5,2.6,,,,
6/8/2005,C550,N324CS,SWF-MDW-HHF-PPA,5.6,1,2,2.3,0,0,0,0.8,5.6,0,2.5,3.1,0,0,5.6,,1,2,5.6,5.6,5.6,,0.8,3.1,,,,
6/9/2005,C550,N324CS,PPA-DFW,1.2,1,0,0,0,0,0,0,1.2,0,1.2,0,0,0,1.2,,,,1.2,1.2,1.2,,,,,,,
6/16/2005,PA20,N2107A,HOME-HOME,0.8,1,0,0,0,0,0,0,0,0,0.8,0,0,0,,0.8,,,,,,,,,,,,Flying with Mark
6/18/2005,C550,N302CS,SWF-CHO-PDK,2.8,2,0,0.2,0,0,0,0,2.8,0,1.3,1.5,0,0,2.8,,1,,2.8,2.8,2.8,,,1.5,,,,
6/24/2005,PA20,N2107A,HOME-HOME,1,1,0,0,0,0,0,0,0,0,1,0,0,0,,1,,,,,,,,,,,,Flying with Shantanelle
7/4/2005,PA20,N2107A,HOME-WDR-HOME,1.5,3,0,0,0,0,0,0,0,1.5,1.5,0,0,0,,1.5,,,,,,,,,,,,
7/7/2005,C550,N309CS,PDK-MCO,1.5,1,0,0,0,0,0,0,1.5,0,1.5,0,0,0,1.5,,,,1.5,1.5,1.5,,,,,,,
7/8/2005,C550,N305CS,PIT-MKY-MGY-PLN,7.3,3,0,0,0,0,0,0,7.3,0,2.6,4.7,0,0,7.3,,2,,7.3,7.3,7.3,,,4.7,,,,
7/9/2005,C550,N305CS,PLN-MLI-CGF,3,2,0,0,0,0,0,0,3,0,1.4,1.6,0,0,3,,1,,3,3,3,,,1.6,,,,
7/10/2005,C550,N305CS,CGF-MEM-LWB-TVC-PWK,6.8,4,0,0,0,0,0,0,6.8,0,2.9,3.9,0,0,6.8,,2,,6.8,6.8,6.8,,,3.9,,,,
7/11/2005,C550,N305CS,PWK-PDK-ILG-HPN,5,3,0,0,0,0,0,0,5,0,3.1,1.9,0,0,5,,1,,5,5,5,,,1.9,,,,
7/12/2005,C550,N305CS,HPN-GLR-YIP-DLH-MKE,5.8,4,0,0.6,0,0,0,0,5.8,0,2.1,3.7,0,0,5.8,,2,,5.8,5.8,5.8,,,3.7,,,,
7/16/2005,PA20,N2107A,HOME-HOME,2,4,0,0,0,0,0,0,0,2,2,0,0,0,,2,,,,,,,,,,,,
7/19/2005,PA20,N2107A,HOME-19A-6A2-S&S-HOME,3.2,6,0,0,0,0,0,0,0,3.2,3.2,0,0,0,,3.2,,,,,,,,,,,,
7/22/2005,PA20,N2107A,HOME-HOME,1,1,0,0,0,0,0,0,0,1,1,0,0,0,,1,,,,,,,,,,,,
7/23/2005,PA20,N2107A,HOME-WDR-HOME,1.1,2,0,0,0,0,0,0,0,1.1,1.1,0,0,0,,1.1,,,,,,,,,,,,
7/25/2005,PA20,N2107A,HOME-HOME,0.7,1,0,0,0,0,0,0,0,0.7,0.7,0,0,0,,0.7,,,,,,,,,,,,
8/4/2005,C550,N302CS,ATL-HKS-LEX-ATL-MEM,5.6,4,0,0.5,0,0,0,0,5.6,0,2.6,3,0,0,5.6,,4,,5.6,5.6,5.6,,,3,,,,
8/5/2005,C550,N302CS,MEM-BWI-PDK-ILM-DMW,7.1,4,0,0.2,0,0,0,0,7.1,0,4.2,2.9,0,0,7.1,,4,,7.1,7.1,7.1,,,2.9,,,,
8/6/2005,C550,N302CS,DMW-ACK-PYM-SUA-IAD,7.9,4,0,0,0,0,0,0,7.9,0,4.1,3.8,0,0,7.9,,2,,7.9,7.9,7.9,,,4.8
8/7/2005,C550,N302CS,IAD-ROW-APA-DWH,8,3,0,0,0,0,0,0.8,8,0,1.4,6.6,0,0,8,,2,,8,8,8,,0.8,6.6
8/8/2005,C550,N302CS,DWH-HOU-EGE,3.6,2,0,0.1,0,0,0,0,3.6,0,0.4,3.2,0,0,3.6,,2,,3.6,3.6,3.6,,,3.2
8/9/2005,C550,N302CS,EGE-SFO-SLC-LAX-RNM,7.3,4,0,0,0,0,0,0,7.3,0,4.6,2.7,0,0,7.3,,4,,7.3,7.3,7.3,,,2.7
8/10/2005,C550,N302CS,RNM-SCK-RNM-LGB,3.8,3,0,0,0,0,0,0,3.8,0,1.8,2,0,0,3.8,,2,,3.8,3.8,3.8,,,2
8/18/2005,C550,N317CS,MDW-MKG-UGN-RUT-HPN,4.5,4,0,0.2,0,0,0,0,4.5,0,1.4,3.1,0,0,4.5,,2,,4.5,4.5,4.5,,,3.1
8/19/2005,C550,N317CS,HPN-MSV-AAO-TUL,5.6,3,0,0.2,0,1,0,0,5.6,0,2.1,3.5,0,0,5.6,,2,,5.6,5.6,5.6,,,3.5
8/20/2005,C550,N317CS,TUL-CNU-LBF-MVY,6.2,3,0,0,0,0,0,0,6.2,0,1.3,4.9,0,0,6.2,,2,,6.2,6.2,6.2,,,4.9
8/21/2005,C550,N317CS,MVY-ITH-MGN-PTK-SWF,5.7,4,0,0,0,0,0,0,5.7,0,2.4,3.3,0,0,5.7,,2,,5.7,5.7,5.7,,,3.3
8/22/2005,C550,N317CS,SWF-HYA-GAI-BHB,4.3,3,0,0,0,0,0,0,4.3,0,2.6,1.7,0,0,4.3,,1,,4.3,4.3,4.3,,,1.7
8/23/2005,C550,N317CS,BHB-HPN,1.6,1,0,0,0,0,0,0,1.6,0,0,1.6,0,0,1.6,,1,,1.6,1.6,1.6,,,1.6
8/24/2005,C550,N317CS,HPN-HYA-PNE-HPN,3.2,3,0,0,0,0,0,0,3.2,0,1.3,1.9,0,0,3.2,,2,,3.2,3.2,3.2,,,1.9
9/1/2005,C550,N235CS,SDF-BTR-ASE,5.3,2,0,0.2,0,0,0,0,5.3,0,2.1,3.2,0,0,5.3,,1,,5.3,5.3,5.3,,,3.2
9/2/2005,C550,N235CS,ASE-BOI,1.9,1,0,0,0,0,0,0,1.9,0,1.9,0,0,0,1.9,,,,1.9,1.9,1.9,,,
9/3/2005,C550,N235CS,BOI-BIS,2.2,1,0,0,0,0,0,0,2.2,0,0,2.2,0,0,2.2,,1,,2.2,2.2,2.2,,,2.2
9/4/2005,C550,N235CS,BIS-HZE-ANE-ADS,4.4,3,0,0,0,0,0,0,4.4,0,2,2.4,0,0,4.4,,1,,4.4,4.4,4.4,,,2.4
9/5/2005,C550,N235CS,ADS-CID-CYXE-GTF,6.6,3,0,0,0,0,0,0,6.6,0,3.6,3,0,0,6.6,,1,,6.6,6.6,6.6,,,3,
9/6/2005,C550,N235CS,GTF-6S5-COE,1.8,2,0,0,0,0,0,0,1.8,0,0.9,0.9,0,0,1.8,,1,,1.8,1.8,1.8,,,0.9,
9/7/2005,C550,N235CS,COE-DAL,3.8,1,0,0,0,0,0,0,3.8,0,0,3.8,0,0,3.8,,1,,3.8,3.8,3.8,,,3.8,
9/10/2005,PA20,N2107A,2GA9-FFC-WDR-2GA9,3.1,5,0,0,0,0,0,0,0,0,3.1,0,0,0,,3.1,,,,,,,,,
9/15/2005,C550,N338CS,HPN-BDL-OSU,3.1,0,2,0.4,0,0,0,2.1,0,0,1.2,1.9,0,0,3.1,,,1,3.1,3.1,3.1,1.2,0.9,1.9,1
9/16/2005,C550,N338CS,OSU-AGC-HPN,2.1,2,0,0.2,0,0,0,0,2.1,0,0.8,1.3,0,0,2.1,,1,,2.1,2.1,2.1,,,1.3,
9/17/2005,C550,N338CS,HPN-UCA-HPN,1.7,2,0,0.3,0,0,0,0,1.7,0,0.8,0.9,0,0,1.7,,1,,1.7,1.7,1.7,,,0.9,
9/19/2005,C550,N338CS,HPN-MMU-WDR-PDK,3,3,0,0.2,0,1,0,0,3,0,0.9,2.1,0,0,3,,1,,3,3,3,,,2.1,
9/21/2005,C550,N338CS,PDK-OKV-TEB,2.9,2,0,0,0,0,0,0,2.9,0,1.1,1.8,0,0,2.9,,1,,2.9,2.9,2.9,,,1.8,
9/29/2005,C550,N332CS,MCO-MYNN,1.3,1,0,0,0,0,0,0,1.3,0,0,1.3,0,0,1.3,,1,,1.3,1.3,1.3,,,1.3,
9/30/2005,C550,N332CS,MYNN-PBI-BCT-TEB,4.4,3,0,0.1,0,1,0,0,4.4,0,4,0.4,0,0,4.4,,1,,4.4,4.4,4.4,,,0.4,
10/1/2005,C550,N332CS,TEB-IAD-ILM,2.1,2,0,0,0,0,0,0,2.1,0,1.2,0.9,0,0,2.1,,1,,2.1,2.1,2.1,,,0.9,
10/2/2005,C550,N332CS,ILM-PDK-SSI-GSO-OKK-MSN,5.9,5,2,0,0,0,0,2.4,5.9,0,2.4,3.5,0,0,5.9,,3,2,5.9,5.9,5.9,,2.4,3.5,
10/3/2005,C550,N332CS,MSN-TUL-CVG-HPN,5.8,3,0,0,0,0,0,0,5.8,0,3.9,1.9,0,0,5.8,,1,,5.8,5.8,5.8,,,1.9,
10/4/2005,C550,N324CS,HPN-CYYZ-CYUL-LGA-BED,4.8,4,0,0,0,0,0,0.3,4.8,0,3.3,1.5,0,0,4.8,,1,,4.8,4.8,4.8,,0.3,1.5,
10/5/2005,C550,N324CS,BED-MEM,3.7,1,0,0,0,0,0,0,3.7,0,0,3.7,0,0,3.7,,1,,3.7,3.7,3.7,,,3.7,
10/10/2005,PA20,N2107A,HOME-9A1-HOME,1,2,0,0,0,0,0,0,0,1,1,0,0,0,,1,,,,,,,,,
10/13/2005,C550,N324CS,HPN-LEB-JQF-HPN-CYUL-IAD,8.6,5,0,1.9,0,3,0,0,0,0,5.1,3.5,0,0,8.6,,2,,8.6,8.6,8.6,,,3.5,
10/14/2005,C550,N324CS,IAD-PSF-PNE-CSG-PDK,6.1,4,0,0.6,0,1,0,0,6.1,0,2,4.1,0,0,6.1,,2,,6.1,6.1,6.1,,,4.1,
10/17/2005,C550,N314CS,ATL-TEB-BED,3.8,0,2,0,0,0,0,1.6,3.8,0,2.9,0.9,0,0,3.8,,,1,3.8,3.8,3.8,2.9,0.2,0.9,1
10/18/2005,C550,N314CS,BED-FRG-CHS-MDW-MSP,7.1,2,2,0,0,0,0,2.1,7.1,0,3.4,3.7,0,0,7.1,,1,1,7.1,7.1,7.1,2.4,1.5,3.7,1
10/19/2005,C550,N314CS,MSP-MKE,1.3,1,0,0,0,0,0,0,1.3,0,1.3,0,0,0,1.3,,,,1.3,1.3,1.3,,,,
10/23/2005,PA20,N2107A,2GA9-19A-52A-9A1-2GA9,2,4,0,0,0,0,0,0,0,0,2,0,0,0,,2,,,,,,,,,
10/25/2005,PA20,N2107A,2GA9-WDR-2GA9,2,7,0,0,0,0,0,0,0,0,2,0,0,0,,2,,,,,,,,,
10/29/2005,C550,N319CS,PDK-PIE-PDK-BEH,4.5,3,0,0,0,0,0,0,4.5,0,3.1,1.4,0,0,4.5,,1,,4.5,4.5,4.5,,,1.4,
10/30/2005,C550,N319CS,BEH-APF-MCO,3.9,2,0,0,0,0,0,0,3.9,0,0.8,3.1,0,0,3.9,,1,,3.9,3.9,3.9,,,3.1,
10/31/2005,C550,N319CS,MCO-PBI-MYEM-PBI-MCO,3.6,4,0,0.2,0,1,0,0,3.4,0,1.7,1.9,0,0,3.6,,2,,3.6,3.6,3.6,,,1.9,
11/2/2005,C550,N319CS,MCO-PDK-SSI-AGS-ATL-HPN,6.5,5,0,0,0,0,0,0,6.5,0,1.8,4.7,0,0,6.5,,3,,6.5,6.5,6.5,,,4.7,
11/6/2005,PA20,N2107A,2GA9-WDR-52A-9A1-2GA9,1.8,4,0,0,0,0,0,0,0,0,1.8,0,0,0,,1.8,,,,,,,,,
11/7/2005,PA20,N2107A,2GA9-19A-WDR-2GA9,1.5,3,0,0,0,0,0,0,0,0,1.5,0,0,0,,1.5,,,,,,,,,
11/11/2005,C550,N319CS,ATL-ELD-HYI-SAT,3.6,3,0,0.1,0,1,0,0.5,3.6,0,2.4,1.2,0,0,3.6,,1,,3.6,3.6,3.6,,,1.2,
11/12/2005,C550,N319CS,SAT-MMTM-MMTG,3.4,2,0,0,0,0,0,0,3.4,0,1.6,1.8,0,0,3.4,,1,,3.4,3.4,3.4,,,1.8,
11/13/2005,C550,N319CS,MMTG-MMVA-JAX-APF,5,2,1,0,0,0,0,1,5,0,3.3,1.7,0,0,5,,1,1,5,5,5,,1,1.7,
11/14/2005,C550,N319CS,APF-HPN-BWI,4.2,2,0,0,0,0,0,0,4.2,0,3.3,0.9,0,0,4.2,,1,,4.2,4.2,4.2,,,0.9,
11/15/2005,C550,N319CS,BWI-IAD-TEB-AVL-HSA-ELD,8.2,4,1,1.4,0,0,0,0.7,8.2,0,4.9,3.3,0,0,8.2,,2,,8.2,8.2,8.2,0.7,,3.3,1
11/16/2005,C550,N319CS,ELD-GTR-CUB-APF-PBI-APF-MCO,6.3,6,0,0,0,0,0,0,6.3,0,2.9,3.4,0,0,6.3,,3,,6.3,6.3,6.3,,,3.4,
11/18/2005,PA20,N2107A,2GA9-WDR-D73-6A2-4A7,2.5,4,0,0,0,0,0,0,0,2.5,2.5,0,0,0,,2.5,,,,,,,,,
11/19/2005,PA20,N2107A,2GA9-WDR-CCO-FFC-52A-2GA9,3,5,0,0,0,0,0,0,0,3,3,0,0,0,,3,,,,,,,,,
11/24/2005,C550,N317CS,PIE-HXD,1.2,1,0,0,0,0,0,0,1.2,0,1.2,0,0,0,1.2,,,,1.2,1.2,1.2,,,,
11/25/2005,C550,N317CS,HXD-MDW-MKE,2.9,2,0,0.1,0,1,0,0,2.9,0,0.4,2.5,0,0,2.9,,1,,2.9,2.9,2.9,,,2.5,
11/26/2005,C550,N317CS,MKE-LAN-MKE,1.6,1,1,0.1,0,1,0,0.9,1.6,0,0.9,0.7,0,0,1.6,,1,,1.6,1.6,1.6,0.9,,0.7,0.9
11/27/2005,C550,N317CS,MKE-CMH,1.2,0,1,0,0,0,0,0.2,1.2,0,0,1.2,0,0,1.2,,,1,1.2,1.2,1.2,,0.2,1.2,
11/28/2005,C550,N317CS,CMH-ORD-MDW-TEB-SWF,5.3,4,0,0.5,0,2,0,0,5.3,0,2.4,1.9,0,0,5.3,,2,,5.3,5.3,5.3,,,1.9,
11/30/2005,C550,N317CS,SWF-HPN,0.4,1,0,0,0,0,0,0,0.4,0,0.4,0,0,0,0.4,,,,0.4,0.4,0.4,,,,
12/5/2005,PA20,N2107A,2GA9-RMG-GVL-2GA9,2.1,6,0,0,0,0,0,0,0,2.1,2.1,0,0,0,,2.1,,,,,,,,,
12/8/2005,C550,N305CS,PDK-TEB-ORF,3.1,1,1,1,0,1,0,1,3.1,0,1.9,1.2,0,0,3.1,,,1,3.1,3.1,3.1,,1,1.2,
12/9/2005,C550,N305CS,ORF-IAD-LUK-SDF-TYS,3.9,3,1,0.2,0,1,0,0.5,3.9,0,1.4,2.5,0,0,3.9,,1,1,3.9,3.9,3.9,,0.5,2.5,
12/10/2005,C550,N305CS,TYS-HKA-BNA-OLV-CRG-PDK,6,5,0,0,0,0,0,0,6,0,2.5,3.5,0,0,6,,3,,6,6,6,,,3.5,
12/10/2005,PA20,N2107A,2GA9-KFFC-9A2-WDR-2GA9,1.8,4,0,0,0,0,0,0,1.8,1.8,1.8,0,0,0,,1.8,,,,,,,,,
12/11/2005,C550,N305CS,PDK-JAN-BGE-VRB-SUA,3.9,2,2,0.3,0,1,0,0.6,3.9,0,2.5,1.4,0,0,3.9,,1,1,3.9,3.9,3.9,0.4,0.2,1.4,1
12/12/2005,C550,N305CS,SUA-DOV-RDU-ROA,4.6,2,1,0.3,0,0,0,0.5,4.6,0,3.3,1.3,0,0,4.6,,1,,4.6,4.6,4.6,0.5,,1.3,1
12/13/2005,C550,N305CS,ROA-SAV-HPN,3.5,1,1,0,0,0,0,0.1,3.5,0,1.2,2.3,0,0,3.5,,,1,3.5,3.5,3.5,,0.1,2.3,
12/22/2005,C550,N332CS,DEN-SDL,1.8,1,0,0,0,0,0,0,1.8,0,1.8,0,0,0,1.8,,,,1.8,1.8,1.8,,,,
12/22/2005,C550,N319CS,SDL-ADS,2.6,0,1,0,0,0,0,1,2.6,0,0,2.6,0,0,2.6,,,1,2.6,2.6,2.6,,1,2.6,
12/23/2005,C550,N319CS,ADS-PWA-SAF,2.6,2,0,0,0,0,0,0,2.6,0,1,1.6,0,0,2.6,,1,,2.6,2.6,2.6,,,1.6,
12/25/2005,C550,N319CS,SAF-AUS,1.7,1,0,0,0,0,0,0,1.7,0,1.7,0,0,0,1.7,,,,1.7,1.7,1.7,,,,
12/26/2005,C550,N319CS,AUS-MOB-RIC-07FA-MCO,7.5,3,1,0,0,0,0,0.2,7.5,0,3.2,4.3,0,0,7.5,,2,,7.5,7.5,7.5,0.2,,4.3,1
12/27/2005,C550,N317CS,MCO-BUF-CHO-ILG,4.8,2,1,0.2,0,1,0,0.2,4.8,0,3.7,1.1,0,0,4.8,,1,,4.8,4.8,4.8,0.2,,1.1,1
12/28/2005,C550,N317CS,ILG-HPN-RDU,2.6,2,0,0,0,0,0,0,2.6,0,1.6,1,0,0,2.6,,1,,2.6,2.6,2.6,,,1,
1/3/2006,THORP T-18,N118KM,SUT-SUT,1,5,0,0,0,0,0,0,0,0,1,0,0,0,,1,,,,,,,,,
1/3/2006,THORP T-18,N118KM,SUT-SUT,1.3,7,0,0,0,0,0,0,0,0,1.3,0,0,1.3,,1.3,,,,,,,,,
1/4/2006,THORP T-18,N118KM,SUT-SUT,1.5,8,0,0,0,0,0,0,0,0,1.5,0,1.5,0,,1.5,,,,,,,,,
1/4/2006,THORP T-18,N118KM,SUT-OGB,1.5,1,0,0,0,0,0,0,1.5,0,1.5,0,0,0,,1.5,,,,,,,,,
1/6/2006,C550,N309CS,GSO-CLT-ROA,1.5,2,0,0,0,0,0,0,1.5,0,0.7,0.8,0,0,1.5,,1,,1.5,1.5,1.5,,,0.8,
1/7/2006,C550,N309CS,ROA-TEB,1.5,0,1,0,0,0,0,0.8,1.5,0,1.5,0,0,0,1.5,,,,1.5,1.5,1.5,0.8,,,1.5
1/8/2006,C550,N309CS,TEB-LUK-RDU,3.6,2,0,0,0,0,0,0,3.6,0,1.4,2.2,0,0,3.6,,1,,3.6,3.6,3.6,,,2.2,
1/9/2006,C550,N309CS,RDU-IPT,1.3,1,0,0,0,0,0,0,1.3,0,0,1.3,0,0,1.3,,1,,1.3,1.3,1.3,,,1.3,
1/10/2006,C550,N309CS,IPT-HLG-BOS-BED,3.5,2,1,0.5,0,0,0,1.2,3.5,0,1.9,1.6,0,0,3.5,,1,,3.5,3.5,3.5,1.2,,1.6,1
1/13/2006,THORP T-18,N118KM,2GA9-WDR-2GA9,1,3,0,0,0,0,0,0,0,0,1,0,0,0,,1,,,,,,,,,
1/14/2006,THORP T-18,N118KM,2GA9-4A7-FFC-2GA9,1.5,5,0,0,0,0,0,0,0,0,1.5,0,0,0,,1.5,,,,,,,,,
1/22/2006,THORP T-18,N118KM,2GA9-WDR-2GA9,1.5,4,0,0,0,0,0,0,0,0,1.5,0,0,0,,1.5,,,,,,,,,
1/24/2006,THORP T-18,N118KM,2GA9-2GA9,1.1,3,0,0,0,0,0,0,0,0,1.1,0,0,0,,1.1,,,,,,,,,
1/30/2006,C550,N336CS,PIE-PBI-MSS,3.8,2,1,0.3,0,1,0,1,3.8,0,0.7,2.1,0,0,3.8,,,1,3.8,3.8,3.8,,1,2.1,
1/31/2006,C550,N336CS,ART-OSU,1.6,1,0,0.4,0,1,0,0,1.6,0,1.6,0,0,0,1.6,,,,1.6,1.6,1.6,,,,
2/1/2006,C550,N336CS,OSU-jzi-jqf-orl,4.5,2,1,0.1,0,0,0,1.7,4.5,0,1,3.5,0,0,4.5,,1,1,4.5,4.5,4.5,,1.7,3.5,
2/4/2006,THORP T-18,N118KM,2ga9-9a7-2ga9,1.2,2,0,0,0,0,0,0,0,0,1.2,0,0,0,,1.2,,,,,,,,,
2/5/2006,THORP T-18,N118KM,2ga9-wdr-2ga9,1.3,3,0,0,0,0,0,0,0,0,1.3,0,0,0,,1.3,,,,,,,,,
2/14/2006,C550,N307CS,ama-aus-apf-mco,4.3,3,0,0,0,0,0,0,4.3,0,2.3,2,0,0,4.3,,2,,4.3,4.3,4.3,,,2,
2/23/2006,C550,N341CS,gso-gso-pdk,1.8,2,0,0,0,0,0,0,1.8,0,0,1.8,0,0,1.8,,2,,1.8,1.8,1.8,,,1.8,
2/24/2006,C550,N341CS,PDK-spa-pdk,1.4,2,0,0.2,0,0,0,0,1.4,0,0.6,0.8,0,0,1.4,,1,,1.4,1.4,1.4,,,0.8,
2/26/2006,C550,N341CS,PDK-new-cha-srq-mco,5.4,1,1,0,0,0,0,2.2,5.4,0,3.2,2.2,0,0,5.4,,1,1,5.4,5.4,5.4,0.7,1.3,2.2,1
2/27/2006,C550,N341CS,MCO-sus-spw-imt,5.4,2,1,0.5,0,0,0,1.2,5.4,0,4,1.4,0,0,5.4,,1,,5.4,5.4,5.4,1.2,,1.4,1
2/28/2006,C550,N341CS,IMT-fty-pdk,2.4,2,0,0.1,0,0,0,0,2.4,0,0.3,2.1,0,0,2.4,,1,,2.4,2.4,2.4,,,2.1,
3/1/2006,C550,N341CS,PDK-teb-pbi-atl,6.9,3,2,3.1,0,0,0,2.7,6.9,0,3.1,3.8,0,0,6.9,,1,1,6.9,6.9,6.9,2.7,,3.8,1
3/12/2006,C550,N338CS,hpn-jhw-bwi-mkg-rfd,5.3,3,1,1.5,0,0,0,0.2,5.3,0,3.4,1.9,0,0,5.3,,1,1,5.3,5.3,5.3,,0.2,1.9,
3/13/2006,C550,N338CS,RFD-als-mry-apa,8.7,2,1,0.3,0,0,0,0.4,8.7,0,5.6,3.1,0,0,8.7,,1,,8.7,8.7,8.7,0.4,,3.1,1
3/14/2006,C550,N338CS,APA-BJC-TRM-MHR-SNA-WVI,6.9,4,1,0.2,0,0,0,1.2,6.9,0,3.9,3,0,0,6.9,,2,1,6.9,6.9,6.9,,1.2,3,
3/15/2006,C550,N338CS,WVI-UDD-LAX,1.9,2,0,0,0,0,0,0,1.9,0,1.2,0.7,0,0,1.9,,1,,1.9,1.9,1.9,,,0.7,
3/23/2006,C550,N338CS,PDK-VRB-GMU-ORL-PDK,6.6,3,1,0.5,0,1,0,1.7,6.6,0,3.4,3.2,0,0,6.6,,2,,6.6,6.6,6.6,1.7,,3.2,1
3/24/2006,C550,N338CS,PDK-SUS-EWR,4.4,2,0,0.6,0,0,0,0,4.4,0,2.6,1.8,0,0,4.4,,1,,4.4,4.4,4.4,,,1.8,
3/25/2006,C550,N338CS,EWR-BED-ZER-BOS,3.3,3,0,0.5,0,1,0,0,3.3,0,1,2.3,0,0,3.3,,2,,3.3,3.3,3.3,,,2.3,
3/26/2006,C550,N338CS,BOS-MSP,3,0,1,0,0,0,0,3,3,0,0,3,0,0,3,,,1,3,3,3,,3,3,
3/28/2006,C550,N338CS,MSP-SPW-ASE-CYXU-BUF,7.2,2,2,0.5,0,2,0,4.1,7.2,0,4.7,2.5,0,0,7.2,,1,1,7.2,7.2,7.2,3.5,0.6,2.5,1
3/29/2006,C550,N338CS,BUF-ICT,2.9,1,0,0.3,0,0,0,0,2.9,0,2.9,0,0,0,2.9,,,,2.9,2.9,2.9,,,,
4/1/2006,THORP T-18,N118KM,2ga9-2ga9,1,2,0,0,0,0,0,0,0,0,1,0,0,0,,1,,,,,,,,,
4/12/2006,C550,N304CS,HPN-MCO,3.8,1,0,0.6,0,0,0,0,3.8,0,0,3.8,0,0,3.8,,1,,3.8,3.8,3.8,,,3.8,
4/22/2006,C550,N304CS,MCO-MWCR-MYNN-PBI-APF,5.5,4,0,0,0,0,0,0,5.5,0,3,2.5,0,0,5.5,,2,,5.5,5.5,5.5,,,2.5,,,,
4/23/2006,C550,N304CS,APF-OWD-HXD-HOU,9.4,2,1,0.4,0,1,0,1,9.4,0,6.7,2.7,0,0,9.4,,1,,9.4,9.4,9.4,1,,2.7,1,,,
4/24/2006,C550,N304CS,HOU-APF-IND-LEB,7.9,3,0,0.8,0,1,0,0,7.9,0,3.2,4.7,0,0,7.9,,2,,7.9,7.9,7.9,,,4.7,,,,
4/25/2006,C550,N304CS,LEB-TEB-5B2-LEX-GAI,5.8,4,0,1.1,0,2,0,0,0,0,3.4,2.4,0,0,5.8,,2,,5.8,5.8,5.8,,,2.4,,,,
4/26/2006,C550,N304CS,GAI-HPN-HYA-HPN-ATL,6.1,4,0,0.5,0,1,0,0,6.1,0,2.2,3.9,0,0,6.1,,2,,6.1,6.1,6.1,,,3.9,,,,
5/4/2006,C550,N306CS,IAD-BOS-BHB-MMU,4.2,3,0,0,0,0,0,0,4.2,0,2.7,1.5,0,0,4.2,,1,,4.2,4.2,4.2,,,1.5,,,,
5/5/2006,C550,N306CS,MMU-MSP-CSG-SSI-ILM,7.9,4,0,0.3,0,0,0,0,7.9,0,3.5,4.4,0,0,7.9,,2,,7.9,7.9,7.9,,,4.4,,,,
5/7/2006,C550,N306CS,ILM-SSI-CSG-SAV-BCI,4.3,4,0,0.5,0,1,0,0,4.3,0,2.3,2,0,0,4.3,,2,,4.3,4.3,4.3,,,2,,,,
5/8/2006,C550,N306CS,BCT-07FA-AEX-AMA-APC-SMF,10,5,0,0.2,0,0,0,0,10,0,7,3,0,0,10,,3,,10,10,10,,,3,,,,
5/9/2006,C550,N306CS,SMF-SFO-SDL-CRQ-BFI-SEA,7.5,4,1,0,0,0,0,0.2,0,0,2.3,5.2,0,0,7.5,,2,,7.5,7.5,7.5,0.2,,5.2,1,,,
5/14/2006,CB-1,N1929D,air acres-air acres,0.5,1,0,0,0,0,0,0,0,0,0.5,0,0,0,,0.5,,,,,,,,,,,,pre purchase flight
5/19/2006,C550,N317CS,STL-SHV-HOU-IDP,4,3,0,0,0,0,0,0,4,0,0.9,3.1,0,0,4,,2,,4,4,4,,,3.1,,,,
5/20/2006,C550,N317CS,IDP-SBN-SUS,2.9,2,0,0,0,0,0,0,2.9,0,1.8,1.1,0,0,2.9,,1,,2.9,2.9,2.9,,,1.1,,,,
5/21/2006,C550,N317CS,SUS-MCI-BHM-HXD,3.4,3,0,0,0,0,0,0,3.4,0,2.2,1.2,0,0,3.4,,1,,3.4,3.4,3.4,,,1.2,,,,
5/22/2006,C550,N317CS,HXD-BKL-PSF-SRQ,6.9,3,0,0,0,0,0,0,6.9,0,1.3,5.6,0,0,6.9,,2,,6.9,6.9,6.9,,,5.6,,,,
5/23/2006,C550,N317CS,SRQ-TLH-LZU-HOU-TYS-PDK,7,5,0,0,0,0,0,0,7,0,3.8,3.2,0,0,7,,2,,7,7,7,,,3.2,,,,
5/24/2006,C550,N317CS,PDK-MCI-HYS-MCI,4.1,3,0,0,0,0,0,0,4.1,0,1,3.1,0,0,4.1,,2,,4.1,4.1,4.1,,,3.1,,,,
5/28/2006,CB-1,N1929D,4A7-2GA9,2.2,6,0,0,0,0,0,0,0,0,2.2,0,0,0,,2.2,,,,,,,,,,,,Flight with Mit the flight instructor
5/30/2006,CB-1,N1929D,2ga9-2ga9,0.5,1,0,0,0,0,0,0,0,0,0.5,0,0,0,,0.5,,,,,,,,,,,,
6/2/2006,C550,N302CS,PDK-APF-MYNN-PBI-SRQ-HKY-SRQ,8.8,5,1,0.5,0,0,0,0.5,8.8,0,3.9,6.8,0,0,8.8,,2,,8.8,8.8,8.8,0.5,0.5,6.8,1,,,
6/3/2006,C550,N302CS,SRQ-DTS-PDK-GNF,3.6,2,1,0,0,0,0,0.3,3.6,0,0.9,2.7,0,0,3.6,,1,1,3.6,3.6,3.6,,0.3,2.7,,,,
6/4/2006,C550,N302CS,GNF-AGS-PBI-CHS-MCO,5.8,4,1,0,0,0,0,1.2,5.8,0,2.8,3,0,0,5.8,,1,,5.8,5.8,5.8,1.2,,3,1,,,
6/7/2006,C550,N336CS,SAT-JAN-ADS-AMA-RBD,5.3,4,0,0,0,0,0,0,5.3,0,2.6,2.7,0,0,5.3,,2,,5.3,5.3,5.3,,,2.7,,,,
6/16/2006,C550,N306CS,PNE-HFD-MMU-BUU-MKE,5,4,0,0.5,0,0,0,0,5,0,1.3,3.7,0,0,5,,2,,5,5,5,,,3.7,,,,
6/29/2006,C550,N341CS,MDW-MKE,0.7,1,0,0,0,0,0,0,0.7,0,0.7,0,0,0,0.7,,,,0.7,0.7,0.7,,,,,,,
6/30/2006,C550,N341CS,MKE-INL-LNK-PBI,6.8,3,0,0.9,0,1,0,0,6.8,0,4.9,1.9,0,0,6.8,,1,,6.8,6.8,6.8,,,1.9,,,,
7/1/2006,C550,N341CS,PBI-TQPF-MYNN-HPN,9.7,3,0,1,0,1,0,0,9.7,0,3,6.7,0,0,9.7,,2,,9.7,9.7,9.7,,,6.7,,,,
7/2/2006,C550,N341CS,HPN-MQI-HKY-IND-EAU-ICT,7.2,5,1,0.9,0,0,0,0.6,7.2,0,4.6,2.6,0,0,7.2,,2,,7.2,7.2,7.2,0.6,,2.6,1,,,
7/4/2006,C550,N302CS,MCO-EYW-JBR,4.1,2,0,0.5,0,0,0,0,4.1,0,2.8,1.3,0,0,4.1,,1,,4.1,4.1,4.1,,,1.3,,,,
7/5/2006,C550,N302CS,JBR-DEC-GLD-ASE-APA,4.9,4,0,0.8,0,0,0,0,4.9,0,3,1.9,0,0,4.9,,2,,4.9,4.9,4.9,,,1.9,,,,
7/13/2006,C550,N338CS,GSO-PDK,1.1,1,0,0,0,0,0,0,1.1,0,0,1.1,0,0,1.1,,1,,1.1,1.1,1.1,,,1.1,,,,
7/14/2006,C550,N338CS,PDK-PVD-HPN-BOS-BTV,5.1,4,0,0.3,0,2,0,0,5.1,0,3.4,1.7,0,0,5.1,,2,,5.1,5.1,5.1,,,1.7,,,,
7/15/2006,C550,N338CS,BTV-CYQR-ROC-YNG-BHB,4.9,4,0,0.2,0,1,0,0,4.9,0,1.6,3.3,0,0,4.9,,2,,4.9,4.9,4.9,,,3.3,
7/16/2006,C550,N338CS,BHB-SPI-AMA-ABQ,6.7,3,0,0.3,0,1,0,0,6.7,0,4.1,2.6,0,0,6.7,,1,,6.7,6.7,6.7,,,2.6,
7/17/2006,C550,N338CS,ABQ-AEX-MCO,4.7,2,0,0.5,0,1,0,0,4.7,0,2.3,2.4,0,0,4.7,,1,,4.7,4.7,4.7,,,2.4,
7/19/2006,C550,N338CS,MCO-BHM-EYW-PBI,3.5,3,0,0.2,0,1,0,0,3.5,0,2,1.5,0,0,3.5,,2,,3.5,3.5,3.5,,,1.5,
8/10/2006,C550,N302CS,RVS-CRP,1.9,1,0,0.2,0,0,0,0,1.9,0,1.9,0,0,0,1.9,,,,1.9,1.9,1.9,,,,
8/11/2006,C550,N302CS,CRP-ASE,2.9,1,0,0,0,0,0,0,2.9,0,0,2.9,0,0,2.9,,1,,2.9,2.9,2.9,,,2.9,
8/12/2006,C550,N302CS,ASE-PTK-TVC-LBF,6.7,3,0,0.2,0,0,0,0,6.7,0,5.8,0.9,0,0,6.7,,1,,6.7,6.7,6.7,,,0.9,
8/13/2006,C550,N302CS,LBF-AMA-JAC-TVL-VGT,6.7,4,0,0.5,0,0,0,0,6.7,0,3.6,3.1,0,0,6.7,,2,,6.7,6.7,6.7,,,3.1,
8/14/2006,C550,N302CS,VGT-SHR-SUN-ASE-PUB-CRP,8.5,5,0,0.8,0,0,0,0,8.5,0,2.6,5.9,0,0,8.5,,3,,8.5,8.5,8.5,,,5.9,
8/15/2006,C550,N302CS,CRP-ASE-SLN-40N-HPN,8.3,2,2,1,0,0,0,3.9,8.3,0,5.5,2.8,0,0,8.3,,1,1,8.3,8.3,8.3,2.9,1,2.8,1
8/16/2006,C550,N302CS,HPN-ILG,0.8,1,0,0,0,0,0,0,0.8,0,0.8,0,0,0,0.8,,,,0.8,0.8,0.8,,,0.8,
9/7/2006,C550,N341CS,DVN-MKE,0.7,1,0,0,0,0,0,0,0.7,0,0.7,0,0,0,0.7,,,,0.7,0.7,0.7,,,,
9/8/2006,C550,N341CS,MKE-MKE,0.5,1,0,0.1,0,0,0,0,0,0,0.5,0,0,0,0.5,,,,0.5,0.5,0.5,,,,
9/8/2006,C550,N336CS,MKE-SBN-GCK-SNA,6.2,2,1,0.2,0,0,0,2,6.2,0,2.4,3.8,0,0,6.2,,1,1,6.2,6.2,6.2,,2,3.8,
9/10/2006,C550,N336CS,SNA-SMO-SLC-BZN-LGB,6.2,4,0,0,0.1,1,0,0,6.2,0,1.8,4.4,0,0,6.2,,2,,6.2,6.2,6.2,,,4.4,
9/13/2006,C550,N336CS,LGB-VNY-TVL-SMF,2.4,3,0,0,0,0,0,0,2.4,0,1.2,1.2,0,0,2.4,,1,,2.4,2.4,2.4,,,1.2,
9/21/2006,C550,N338CS,PDK-SRQ-EYW,2.3,2,0,0.2,0,0,0,0,2.3,0,1.5,0.8,0,0,2.3,,1,,2.3,2.3,2.3,,,0.8,,,,
9/22/2006,C550,N338CS,EYW-PIE-PDK,2.5,2,0,0,0,0,0,0,2.5,0,1,1.5,0,0,2.5,,1,,2.5,2.5,2.5,,,1.5,,,,
9/27/2006,C550,N338CS,PDK-LBE-LWB-MKE-CMH,5.6,4,0,0.2,0,0,0,0,5.6,0,2.2,3.4,0,0,5.6,,2,,5.6,5.6,5.6,,,3.4,,,,
9/28/2006,C550,N338CS,CMH-LWB-HPN-RDU-PAH,5.8,3,1,0.6,0,0,0,0.5,5.8,0,3.4,2.4,0,0,5.8,,2,,5.8,5.8,5.8,0.5,,2.4,1,,,
9/29/2006,C550,N338CS,PAH-DBQ-ATL-HPN,5.8,3,0,0.5,0,0,0,0,5.8,0,2,3.8,0,0,5.8,,1,,5.8,5.8,5.8,,,3.8,,,,
10/6/2006,C550,N319CS,BNA-PDK-CMH-FRG-JZI-VRB,8.3,5,0,0.8,0,1,0,0,8.3,0,4.2,4.1,0,0,8.3,,2,,8.3,8.3,8.3,,,4.1,,,,
10/7/2006,C550,N319CS,VRB-BED,3.1,1,0,0,0,0,0,0,3.1,0,0,3.1,0,0,3.1,,1,,3.1,3.1,3.1,,,3.1,,,,
10/8/2006,C550,N319CS,BED-PHF,1.6,1,0,0.2,0,1,0,0,1.6,0,1.6,0,0,0,1.6,,,,1.6,1.6,1.6,,,,,,,
10/9/2006,C550,N319CS,PHF-BOS-ACK-BED,3.3,3,0,0.3,0,2,0,0,3.3,0,0.8,2.5,0,0,3.3,,2,,3.3,3.3,3.3,,,2.5,,,,
10/10/2006,C550,N319CS,BED-TXKF-BED-BOS-HPN,5.7,4,0,0.3,0,1,0,0,5.7,0,2.5,3.2,0,0,5.7,,2,,5.7,5.7,5.7,,,3.2,,,,BERMUDA
10/23/2006,C550,N309CS,SLC-LGB,2.1,1,0,0,0,0,0,0,2.1,0,0,2.1,0,0,2.1,,1,,2.1,2.1,2.1,,,2.1,,,,
10/24/2006,C550,N309CS,LGB-LAX-SJC-ONT,3.1,3,0,0.2,0,1,0,0,3.1,0,1.9,1.2,0,0,3.1,,1,,3.1,3.1,3.1,,,1.2,,,,
10/25/2006,C550,N309CS,ONT-MMSF-SDM-LAX,2.6,3,0,0.3,0,0,0,0,2.6,0,1.7,0.9,0,0,2.6,,1,,2.6,2.6,2.6,,,0.9,,,,
10/31/2006,C150A,N6436F,BUTLER-RYY-2GA9,2,3,0,0,0,0,0,0,2,0.8,2,0,0,0,,,,,,,,,,,,,,
11/2/2006,C550,N304CS,PDK-SRQ-PDK-TEB,5.4,1,2,0,0,0,0,2.5,5.4,0,2.8,1.6,0,0,5.4,,,1,5.4,5.4,5.4,2,0.5,5.4,1,,,
11/3/2006,C550,N304CS,TEB-SRQ-DWH-RSW,8.7,2,1,0,0,0,0,2.3,8.7,0,2.9,5.8,0,0,8.7,,1,1,8.7,8.7,8.7,,,5.8,,,,
11/5/2006,C550,N304CS,RSW-SRQ-TEB-MDW-HPN,7.8,3,1,0.3,0,1,0,1.8,7.8,0,2.6,5.2,0,0,7.8,,1,1,7.8,7.8,7.8,,,5.2,
11/6/2006,C550,N304CS,HPN-RUT-PBI,4.6,2,0,0.4,0,0,0,0,4.6,0,0.9,3.7,0,0,4.6,,1,,4.6,4.6,4.6,,,4.6,
11/7/2006,C550,N341CS,PBI-SRQ-TEB,3.6,2,0,0.3,0,0,0,0,3.6,0,0.8,2.8,0,0,3.6,,1,,3.6,3.6,3.6,,,2.8,
11/9/2006,C150A,N6436F,2GA9-2GA9,1.1,1,0,0,0,0,0,0,0,1.1,1.1,0,0,0,,,,,,,,,,,
11/10/2006,C150A,N6436F,2GA9-WDR-2GA9,1.5,3,0,0,0,0,0,0,0,0,1.5,0,0,0,,,,,,,,,,,
11/20/2006,C550,N300CS,MCO-VNC-PDK,2.4,2,0,0,0,0,0,0,2.4,0,1.7,0.7,0,0,2.4,,1,,2.4,2.4,2.4,,,2.4,
11/21/2006,C550,N300CS,PDK-OKV-PDK-OKV-IAD,5.1,3,1,0,0,0,0,0.5,5.1,0,2.1,3,0,0,5.1,,1,1,5.1,5.1,5.1,,,3,
11/22/2006,C550,N300CS,IAD-BDR-HTO-HPN-FDK,3.4,4,0,0.8,0,1,0,0,3.4,0,1.5,1.9,0,0,3.4,,2,,3.4,3.4,3.4,,,1.9,
12/1/2006,C550,N317CS,HOU-GTR-ELD,4.4,2,0,0.3,0,0,0,0,4.4,0,1.1,1.3,0,0,4.4,,1,,4.4,4.4,4.4,,,1.3,
12/2/2006,C550,N317CS,ELD-BNA-JAN,2.4,2,0,0.2,0,0,0,0,2.4,0,1.3,1.1,0,0,2.4,,1,,2.4,2.4,2.4,,,1.1,
12/3/2006,C550,N317CS,JAN-BHM-BCT,2.6,2,0,0,0,0,0,0,2.6,0,1.8,0.8,0,0,2.6,,1,,2.6,2.6,2.6,,,0.8,
12/5/2006,C550,N317CS,BCT-MTH-PIE,1.8,2,0,0.2,0,0,0,0,1.8,0,1,0.8,0,0,1.8,,1,,1.8,1.8,1.8,,,0.8,
12/27/2006,C550,N324CS,PDK-BDR-ILM-X51,6.5,3,0,0.3,0,0,0,0.5,6.5,0,4.3,2.2,0,0,6.5,,2,,6.5,6.5,6.5,,,2.2,
12/28/2006,C550,N324CS,X51-ROC-HPN-PBI,8.7,2,1,0.4,0,0,0,0.2,8.7,0,4.8,3.9,0,0,8.7,,2,1,8.7,8.7,8.7,,,3.9,
12/29/2006,C550,N324CS,PBI-HYA-TEB-HYA,5.5,1,2,0.2,0,0,0,3.8,5.5,0,4.2,1.3,0,0,5.5,,1,1,5.5,5.5,5.5,0.8,3,1.3,1
1/9/2007,C550,N302CS,ILG-CMH-EWR-BED,4.2,3,0,0.2,0,1,0,0,4.2,0,1.7,2.5,0,0,4.2,,2,,4.2,4.2,4.2,,,2.5,
1/10/2007,C550,N302CS,BED-BKL-TEB-FRG,4,1,2,0.1,0,1,0,1.9,4,0,2.8,1.2,0,0,4,,1,1,4,4,4,0.7,1.2,2.8,1
1/11/2007,C550,N302CS,FRG-TIX-PDK-SUA,6.2,3,0,0,0,0,0,0,0,0,1.6,4.6,0,0,6.2,,2,,6.2,6.2,6.2,,,4.6,
1/19/2007,C550,N338CS,APA TEX EGE BJC MSP,4.4,4,0,0.5,0,1,0,0,4.4,0,2.8,1.6,0,0,4.4,,2,,4.4,4.4,4.4,,,1.6,
1/21/2007,C550,N338CS,MSP 36U PHX,4.7,2,0,0.9,0,1,0,0,4.7,0,2,2.7,0,0,4.7,,1,,4.7,4.7,4.7,,,2.7,
1/22/2007,C550,N338CS,PHX SLC VNY,3.4,2,0,0.5,0,1,0,0,3.4,0,1.7,1.7,0,0,3.4,,2,,3.4,3.4,3.4,,,1.7,
1/23/2007,C550,N338CS,VNY PHX SNA,2.6,2,0,0.3,0,1,0,0,2.6,0,1.1,1.5,0,0,2.6,,1,,2.6,2.6,2.6,,,1.5,
2/2/2007,C550,N338CS,HPN TEB BTV,1.9,1,1,0.6,0,1,0,1.1,1.9,0,0.8,1.1,0,0,1.9,,1,1,1.9,1.9,1.9,,1.1,1.1,
2/3/2007,C550,N338CS,BTV CYYZ TUL,5.1,2,0,1,0,1,0,0,5.1,0,1.4,3.7,0,0,5.1,,2,,5.1,5.1,5.1,,,3.7,
2/4/2007,C550,N338CS,TUL AUS BCT,4,1,1,0,0,1,0,0.5,4,0,1.3,2.7,0,0,4,,1,1,4,4,4,,0.5,2.7,
2/5/2007,C550,N338CS,BCT MYGF SFB X51 28J FAY,4.9,4,1,1.5,0,2,0,1.3,4.9,0,2.9,2,0,0,4.9,,4,1,4.9,4.9,4.9,1.3,,2,1
2/6/2007,C550,N338CS,FAY GSO,0.7,1,0,0.2,0,0,0,0,0.7,0,0.7,0,0,0,0.7,,,,0.7,0.7,0.7,,,,
2/6/2007,C550,N338CS,GSO PBI,1.9,0,1,0,0,0,0,1.9,1.9,0,0,1.9,0,0,1.9,,,1,1.9,1.9,1.9,,1.9,1.9,
2/12/2007,BE20 Level D Sim,FS240,ASE LHM RDD SFO-,0,3,0,0,2,3,2,0,0,0,2,0,2,0,,,,,,,,,,,
2/13/2007,BE20 Level D Sim,FS240,ASE LHM RDD SFO-,0,0,4,0,2,0,2,2,0,0,2,0,2,0,,,,,,,,,,,
2/14/2007,BE20 Level D Sim,FS240,ASE LHM RDD SFO-,0,0,3,0,2,5,2,2,0,0,2,0,2,0,,,,,,,,,,,
2/16/2007,C550,N307CS,ATL HPN,2.6,1,0,0.5,0,1,0,0,2.6,0,2.6,0,0,0,2.6,,,,2.6,2.6,2.6,,,,
2/17/2007,C550,N307CS,HPN FRG SSI OPF,7.8,3,0,0.5,0,0,0,0,7.8,0,3.4,1.7,0,0,7.8,,2,,7.8,7.8,7.8,,,1.7,
2/18/2007,C550,N307CS,OPF ISM AZO,4.1,2,0,0.6,0,1,0,0,4.1,0,0.9,3.2,0,0,4.1,,1,,4.1,4.1,4.1,,,3.2,
2/19/2007,C550,N307CS,AZO ASE,3.7,1,0,0.8,0,1,0,0,3.7,0,0,3.7,0,0,3.7,,1,,3.7,3.7,3.7,,,3.7,
2/20/2007,C550,N307CS,ASE LHM RDD SFO,4.3,3,0,0.4,0,1,0,0,4.3,0,3.5,0.8,0,0,4.3,,3,,4.3,4.3,4.3,,,0.8,
3/8/2007,B200,N670TA,PDK-ABY-PDK,1.9,2,0,0,0,0,0,0,1.9,0,0,1.9,0,0,,,,,1.9,1.9,1.9,,,1.9,
3/9/2007,B200,N795CA,PDK-JZI-PDK,2.8,2,0,0.3,0,1,0,0,2.8,0,1.4,1.4,0,0,,,1,,2.8,2.8,2.8,,,2.8,
3/10/2007,C550,N213JS,PDK-CLT-DTS-PDK,3.9,3,0,0,0,0,0,0,3.9,0,1.7,2.2,0,0,3.9,,2,,3.9,3.9,3.9,,,2.2,
3/13/2007,CE560,N154VP,PDK-DAL-MRY-SNA,7.7,3,0,0.3,0,1,0,0,7.7,0,3.9,3.8,0,0,7.7,,2,,7.7,7.7,7.7,,,3.8,
3/15/2007,CE560,N154VP,SNA-VGT-PDK,5.5,2,1,0,0,0,0,0.3,5.5,0,1.2,4.3,0,0,5.5,,,1,5.5,5.5,5.5,,0.3,4.3,
3/18/2007,C550,N404BS,PDK--GVL-ATL,2.7,2,0,0.2,0,0,0,0,2.7,0,1.4,1.3,0,0,2.7,,1,,2.7,2.7,2.7,,,2.7,
3/20/2007,C550,N404BS,ATL-CAK-PDK,3.4,2,0,0.5,0,0,0,0,3.4,0,1.7,1.7,0,0,3.4,,1,,3.4,3.4,3.4,,,1.7,
3/27/2007,CE560,N154VP,PDK-AMA-SMO,7,2,0,0.2,0,0,0,0,7,0,4.2,2.8,0,0,7,,1,,7,7,7,,,7,
3/28/2007,CE560,N154VP,SMO-SNA,0.6,1,0,0,0,0,0,0,0,0,0,0.6,0,0,0.6,,1,,0.6,0.6,0.6,,,,
3/29/2007,CE560,N154VP,SNA-ABI,3.4,0,1,0.5,0,0,0,2,3.4,0,3.4,0,0,0,3.4,,,,3.4,3.4,3.4,0.5,,,1
3/30/2007,CE560,N154VP,ABI-DAL-BNA-PDK,3.4,3,0,0,0,0,0,0,3.4,0,2.4,1,0,0,3.4,,1,,3.4,3.4,3.4,,,1,
3/31/2007,C550,N404BS,PDK-MYNN-PBI-DTS-PDK,6.1,3,1,0.2,0,0,0,0.5,6.1,0,3.2,2.9,0,0,6.1,,2,,6.1,6.1,6.1,,,2.9,
4/2/2007,C550,N404BS,PDK-BNA-PDK,2,2,0,0,0,0,0,0,2,0,1,1,0,0,2,,1,,2,2,2,,,1,
4/3/2007,C550,N213JS,PDK-GSO-LZU-PDK,2.9,3,0,0,0,0,0,0,2.9,0,1.4,1.5,0,0,2.9,,2,,2.9,2.9,2.9,,,1.5,
4/5/2007,B200,N200EA,PDK-COI-PDK-FA54-PDK,8.5,4,0,1.3,0,0,0,0,8.5,0,3.3,5.2,0,0,,,2,,8.5,8.5,8.5,,,8.5,
4/6/2007,B200,N200EA,PDK-JKA-PDK,3,2,0,0,0,0,0,0,3,0,1.3,1.7,0,0,,,1,,3,3,3,,,1.7,
4/8/2007,C550,N213JS,PDK-JZI-PDK-PFN-PDK,4.6,4,0,0,0,0,0,0,4.6,0,2.2,2.4,0,0,4.6,,2,,4.6,4.6,4.6,,,2.4,
4/9/2007,C550,N213JS,PDK--3J7-BOS,3,1,1,0,0,0,0,0.5,3,0,0.5,2.5,0,0,3,,,1,3,3,3,,,2.5,
4/10/2007,C550,N213JS,BOS-3J7-PDK,3.8,2,0,0,0,0,0,0,3.8,0,3.3,0.5,0,0,3.8,,1,,3.8,3.8,3.8,,,0.5,
4/11/2007,C550,N404BS,PDK-HPN,2.6,1,0,0,0,0,0,0,2.6,0,0,2.6,0,0,2.6,,1,,2.6,2.6,2.6,,,2.6,
4/12/2007,C550,N404BS,HPN-TEB,0.6,1,0,0.5,0,1,0,0,0,0,0.6,0,0,0,0.6,,,,0.6,0.6,0.6,,,,
4/13/2007,C550,N404BS,TEB-PDK-PDK,3,2,0,0,0,0,0,0,3,0,0.5,2.5,0,0,3,,1,,3,3,3,,,2.5,
4/17/2007,CE560,N154VP,PDK-IND-PDK,3.5,2,0,0,0,0,0,0,3.5,0,2,1.5,0,0,3.5,,,,3.5,3.5,3.5,,,1.5,
4/18/2007,CE560,N154VP,PDK-SCD-LBB-SDL,5.8,3,0,0.2,0,0,0,0,5.8,0,3.1,2.7,0,0,5.8,,1,,5.8,5.8,5.8,,,2.7,
4/20/2007,CE560,N154VP,SDL-PDK,3.8,1,0,0,0,0,0,0,3.8,0,3.8,3.8,0,0,3.8,,1,,3.8,3.8,3.8,,,3.8,
4/22/2007,CE560,N154VP,PDK-BNA-TRL-VGT-MRY,7.4,4,0,0.3,0,0,0,0,7.4,0,7.4,2.6,0,0,7.4,,2,,7.4,7.4,7.4,,,2.6,
4/23/2007,CE560,N154VP,MRY-DAL,4.6,1,0,0,0,0,0,0,4.6,0,4.6,4.6,0,0,4.6,,1,,4.6,4.6,4.6,,,4.6,
4/25/2007,CE560,N154VP,DAL-PDK,2.1,0,1,1.8,0,0,0,0.4,2.1,0,2.1,0,0,0,2.1,,,,2.1,2.1,2.1,,,,1
4/27/2007,C550,N404BS,PDK-DTS-PDK,2.1,2,0,0.2,0,0,0,0,2.1,0,2.1,0,0,0,2.1,,1,,2.1,2.1,2.1,,,1.1
4/30/2007,C550,N404BS,PDK-TEB,2.5,1,0,0,0,0,0,0,2.5,0,2.5,0,0,0,2.5,,1,,2.5,2.5,2.5,,,2.5
5/1/2007,C550,N404BS,TEB-RDU-PDK,3,2,0,0,0,0,0,0,3,0,3,1.3,0,0,3,,1,,3,3,3,,,1.3
5/3/2007,C550,N404BS,PDK-ORL-CCO-PDK,3.5,1,2,0.1,0,0,0,1.9,3.5,0,3.5,1.9,0,0,3.5,,,2,3.5,3.5,3.5,,1.9,1.9
5/9/2007,C550,N404BS,PDK-BUU,2.3,1,0,0,0,0,0,0,2.3,0,0,2.3,0,0,2.3,,1,,2.3,2.3,2.3,,,2.3
5/10/2007,C550,N404BS,BUU-PDK,2.2,1,0,0,0,0,0,0,2.2,0,2.2,0,0,0,2.2,,,,2.2,2.2,2.2,,,
5/14/2007,C550,N404BS,PDK-JZI-PDK-JZI-PDK,3.2,4,0,0,0,0,0,0,3.2,0,1.9,1.3,0,0,3.2,,2,,3.2,3.2,3.2,,,1.3
5/17/2007,B200,N57GA,PDK-SAV-PDK,2.3,2,0,0.4,0,0,0,0,2.3,0,1.2,1.1,0,0,,,1,,2.3,2.3,2.3,,,1.1
5/20/2007,B200,N200EA,PDK-LIT-PFN-PDK-73J-ATL-PDK,7.7,6,0,0,0,0,0,0,7.7,0,7.7,0,0,0,,,,,7.7,7.7,7.7,,,
5/23/2007,C550,N404BS,PDK-BNA-PDK,2,2,0,0,0,0,0,0,2,0,2,0,0,0,2,,,,2,2,2,,,
5/24/2007,B200,N795CA,PDK-JKA-PDK,3.1,2,0,0,0,0,0,0,0,0,3.1,1.6,0,0,,,1,,3.1,3.1,3.1,,,1.6
5/25/2007,C550,N213JS,PDK-DTS-PDK,2.3,2,0,0.2,0,0,0,0,2.3,0,1.3,1,0,0,2.3,,1,,2.3,2.3,2.3,,,1
5/29/2007,B200,N795CA,PDK--PDK-BQK-PDK,2.9,3,0,0,0,0,0,0,2.9,0,2.9,1.2,0,0,,,1,,2.9,2.9,2.9,,,1.2
5/30/2007,C550,N213JS,PDK-TEB-PDK,5.4,1,1,0,0,0,0,2.3,5.4,0,5.4,3.1,0,0,5.4,,,,5.4,5.4,5.4,,,3.1
6/1/2007,CE560,N154VP,PDK-SSI-PDK,2.1,2,0,0.3,0,0,0,0,2.1,0,2.1,1,0,0,2.1,,1,,2.1,2.1,2.1,,,1
6/4/2007,CE560,N154VP,PDK-SSI-PDK,1.9,2,0,0,0,0,0,0,1.9,0,1.9,0.9,0,0,1.9,,1,,1.9,1.9,1.9,,,0.9
6/5/2007,CE560,N154VP,PDK-PWK,2,1,0,0,0,0,0,0,0,0,0,2,0,0,2,,1,,2,2,2,,,2,
6/6/2007,CE560,N154VP,PWK-STL,1,1,0,0.3,0,0,0,0,1,0,1,0,0,0,1,,,,1,1,1,,,,
6/7/2007,CE560,N154VP,STL-KPDK,1.5,1,0,0,0,0,0,0,1.5,0,0,1.5,0,0,1.5,,1,,1.5,1.5,1.5,,,1.5,
6/8/2007,B200,N200EA,KPDK-KJAX-PDK,2.8,2,0,0.2,0,0,0,0,2.8,0,2.8,1.4,0,0,,,1,,2.8,2.8,2.8,,,1.4,
6/9/2007,C550,N213JS,PDK-PFN-PDK,2.3,2,0,0,0,0,0,0,2.3,0,1.2,1.1,0,0,2.3,,1,,2.3,2.3,2.3,,,1.1,
6/9/2007,C550,N404BS,PDK-BUU,2.3,1,0,0,0,0,0,0,2.3,0,0,2.3,0,0,2.3,,1,,2.3,2.3,2.3,,,2.3,
6/10/2007,C550,N404BS,BUU-PDK,2.2,1,0,0,0,0,0,0,2.2,0,2.2,0,0,0,2.2,,,,2.2,2.2,2.2,,,,
6/11/2007,CE560,N154VP,PDK-CMH,1.5,1,0,0.3,0,0,0,0,1.5,0,1.5,0,0,0,1.5,,,,1.5,1.5,1.5,,,,
6/12/2007,CE560,N154VP,CMH-PDK,1.2,1,0,0,0,0,0,0,1.2,0,0,1.2,0,0,1.2,,1,,1.2,1.2,1.2,,,1.2,
6/14/2007,CE560,N154VP,PDK-DAL,2.2,1,0,0.2,0,0,0,0,2.2,0,2.2,0,0,0,2.2,,,,2.2,2.2,2.2,,,,
6/15/2007,CE560,N154VP,DAL-PDK-SSI-PDK,4.4,3,0,0,0,0,0,0,4.4,0,4.4,4.4,0,0,4.4,,3,,4.4,4.4,4.4,,,4.4,
6/17/2007,B200,N795CA,PDK-EWN-PDK-JKA-PDK,6.4,4,0,0.2,0,0,0,0,6.4,0,3.6,2.8,0,0,,,2,,6.4,6.4,6.4,,,2.8,
6/20/2007,C550,N404BS,PDK-ATL,0.3,1,0,0,0,0,0,0,0,0,0.3,0,0,0,0.3,,,,0.3,0.3,0.3,,,,
6/20/2007,C550,N213JS,PDK-STL-PDK,3.4,0,2,0,0,0,0,1.5,3.4,0,3.4,0,0,0,3.4,,,,3.4,3.4,3.4,1.5,,,2
6/22/2007,B200,N200EA,PDK-PDK,0.6,1,0,0,0,0,0,0,0,0,0.6,0,0,0,,,,,0.6,0.6,0.6,,,,
6/25/2007,CE560,N154VP,PDK-SSI-MTN-TEB,2.8,3,0,0,0,0,0,0,2.8,0,1,1.8,0,0,2.8,,2,,2.8,2.8,2.8,,,1.8,
6/27/2007,CE560,N154VP,TEB-RDU-PDK-SSI,4.1,3,0,0,0,0,0,0,4.1,0,2.7,1.4,0,0,4.1,,1,,4.1,4.1,4.1,,,1.4
6/28/2007,CE560,N154VP,SSI-TPA-FPR-MIA,3,3,0,0,0,0,0,0,3,0,1,2,0,0,3,,2,,3,3,3,,,2
6/29/2007,CE560,N154VP,MIA-SSI-PDK,2.4,2,0,0,0,0,0,0,2.4,0,1,1.4,0,0,2.4,,1,,2.4,2.4,2.4,,,1.4
7/1/2007,C550,N404BS,BZN-GRI-CCO-PDK,5.6,3,0,1,0,0,0,0,5.6,0,2.8,2.8,0,0,5.6,,2,,5.6,5.6,5.6,,,2.8
7/4/2007,B200,N200EA,PDK-JKA-PDK,3.2,2,0,0.5,0,0,0,0,3.2,0,3.2,0,0,0,,,,,3.2,3.2,3.2,,,
7/5/2007,B200,N57GA,PDK-CRG-ORL-PDK,3.9,3,0,0.5,0,0,0,0,3.9,0,3.9,0,0,0,,,,,3.9,3.9,3.9,,,
7/9/2007,C550,N404BS,PDK-ORL-CCO-PDK,3.9,3,0,0.8,0,0,0,0,3.9,0,3.9,1.7,0,0,3.9,,1,,3.9,3.9,3.9,,,1.7
7/11/2007,C550,N213JS,PDK-MDW,2.7,1,0,0,0,0,0,0,2.7,0,0,2.7,0,0,2.7,,1,,2.7,2.7,2.7,,,2.7
7/12/2007,C550,N213JS,MDW-PDK,2.7,1,0,0,0,0,0,0,2.7,0,2.7,0,0,0,2.7,,,,2.7,2.7,2.7,,,
7/14/2007,B200,N200EA,PDK-JWN-PDK,2.4,2,0,0.5,0,0,0,0,2.4,0,1.1,1.3,0,0,,,1,,2.4,2.4,2.4,,,1.3
7/15/2007,C550,N404BS,PDK-DTS-PDK,2.4,2,0,0.6,0,0,0,0,2.4,0,2.4,1.1,0,0,2.4,,1,,2.4,2.4,2.4,,,1.1
7/19/2007,CE560,N154VP,PDK-DAL,2.4,1,0,0,0,0,0,0,2.4,0,2.4,0,0,0,2.4,,,,2.4,2.4,2.4,,,
7/20/2007,CE560,N154VP,DAL-SSI-PDK,3.5,2,0,0.7,0,0,0,0,3.5,0,3.5,0,0,0,3.5,,,,3.5,3.5,3.5,,,
7/24/2007,C550,N404BS,PDK-IAD-MTN-PDK,4.7,3,0,0,0,0,0,0,4.7,0,1,3.7,0,0,4.7,,1,,4.7,4.7,4.7,,,3.7
7/26/2007,C550,N213JS,PDK-MSL-PDK,4.8,2,0,0.4,0,0,0,0,4.8,0,2.3,2.5,0,0,4.8,,2,,4.8,4.8,4.8,,,2.5
7/27/2007,B200,N200EA,PDK-TCL-CLT,2.7,2,0,0.4,0,0,0,0,2.7,0,2.7,0,0,0,,,,,2.7,2.7,2.7,,,
7/29/2007,B200,N200EA,CLT-TCL-PDK,2.8,2,0,1.6,0,1,0,0,2.8,0,2.8,0,0,0,,,,,2.8,2.8,2.8,,,,
8/1/2007,C550,N404BS,PDK-TMB-PDK,4,2,0,0,0,0,0,0,4,0,2,2,0,0,4,,1,,2,2,2,,,2,
8/2/2007,C550,N404BS,PDK-BLK-PDK,3.6,1,1,0,0,0,0,0.8,3.6,0,1.7,1.9,0,0,3.6,,1,,3.6,3.6,3.6,0.8,,1.9,1
8/6/2007,CE560,N154VP,PDK-AMA-SNA,5.2,2,0,0.5,0,0,0,0,5.2,0,5.2,2.6,0,0,5.2,,1,,5.2,5.2,5.2,,,2.6,
8/7/2007,CE560,N154VP,SNA-STL,4,0,1,0.5,0,0,0,1.7,0,0,4,0,0,0,4,,,,4,4,4,1.7,,,1
8/8/2007,CE560,N154VP,STL-MTN,2,1,0,0,0,0,0,0,2,0,2,2,0,0,2,,1,,2,2,2,,,2,
8/9/2007,CE560,N154VP,MTN-SSI-PDK,2.8,2,0,0.5,0,0,0,0,2.8,0,2.8,1,0,0,2.8,,1,,2.8,2.8,2.8,,,1,
8/10/2007,CE560,N154VP,PDK-TEB,2.2,1,0,0,0,0,0,0,2.2,0,0,2.2,0,0,2.2,,1,,2.2,2.2,2.2,,,2.2,
8/12/2007,CE560,N154VP,TEB-PDK,2.1,1,0,0.3,0,0,0,0,2.1,0,2.1,0,0,0,2.1,,,,2.1,2.1,2.1,,,,
8/13/2007,B200,N795CA,PDK-MCN-PDK-INT-SGJ-PDK,6.4,5,0,0,0,0,0,0,6.4,0,6.4,0,0,0,,,,,6.4,6.4,6.4,,,,
8/23/2007,B200,N200EA,PDK-73J-PDK,2.6,1,1,0,0,0,0,1.3,0,0,2.6,1.3,0,0,,,,1,2.6,2.6,2.6,,1,1.3,
8/28/2007,CE560,N154VP,PDK-CPT,2.3,1,0,0.3,0,0,0,0,0,0,2.3,0,0,0,2.3,,,,2.3,2.3,2.3,,,,
8/30/2007,CE560,N154VP,CPT-HOU,1,1,0,0,0,0,0,0,1,0,1,0,0,0,1,,,,1,1,1,,,,
8/31/2007,CE560,N154VP,HOU-PDK,2.4,1,0,0.2,0,0,0,0,2.4,0,2.4,0,0,0,2.4,,,,2.4,2.4,2.4,,,,
9/4/2007,CE560,N154VP,PDK-CYYZ,2.2,1,0,0,0,0,0,0,2.2,0,0,2.2,0,0,2.2,,1,,2.2,2.2,2.2,,,2.2,
9/6/2007,CE560,N154VP,CYYZ-KPDK,2.1,1,0,0,0,0,0,0,2.1,0,2.1,0,0,0,2.1,,,,2.1,2.1,2.1,,,,
9/9/2007,C550,N404BS,KPDK-RDU-PDK,2.5,2,0,0,0,0,0,0,2.5,0,2.5,0,0,0,2.5,,,,2.5,2.5,2.5,,,,,,,
9/13/2007,C550,N404BS,PDK-SSI-PDK,2.5,2,0,0.8,0,0,0,0,2.5,0,1.3,1.2,0,0,2.5,,1,,2.5,2.5,2.5,,,1.2,,,,
9/29/2007,RV4,N621H,2GA9-WDR-2GA9,1,2,0,0,0,0,0,0,0,0,1,0,1,0,,1,,,,,,,,,,,,Fly wth Mark
10/1/2007,C550,N213JS,PDK-MDW-PDK,3.5,2,0,0.4,0,0,0,0,3.5,0,1.7,1.8,0,0,3.5,,1,,3.5,3.5,3.5,,,1.8,,,,
10/2/2007,C550,N404BS,PDK-BTP,1.7,1,0,0.2,0,0,0,0,0,0,1.7,0,0,0,1.7,,,,1.7,1.7,1.7,,,,,,,
10/3/2007,C550,N404BS,BTP-PDK,1.8,1,0,0,0,0,0,0,1.8,0,0,1.8,0,0,1.8,,1,,1.8,1.8,1.8,,,1.8,,,,
10/7/2007,C550,N404BS,PDK-BKW-PDK,2.5,2,0,0,0,0,0,0,2.5,0,1.3,1.2,0,0,2.5,,1,,2.5,2.5,2.5,,,1.2,,,,
10/8/2007,RV4,N621H,2GA9-WDR-2GA9,1,1,0,0,0,0,0,0,0,0,1,0,0,0,,1,,,,,,,,,,,,
10/9/2007,CE560,N154VP,PDK-DAL,2.2,1,0,0,0,0,0,0,2.2,0,2.2,0,0,0,2.2,,,,2.2,2.2,2.2,,,,,,,
10/10/2007,CE560,N154VP,DAL-SDM,3.5,1,0,0,0,0,0,0,3.5,0,3.5,0,0,0,3.5,,,,3.5,3.5,3.5,,,,,,,
10/12/2007,CE560,N154VP,SDM-ELP-PDK,4.9,2,0,0,0,0,0,0,4.9,0,4.9,0,0,0,4.9,,,,4.9,4.9,4.9,,,,,,,
10/13/2007,RV4,N621H,2GA9-9A1-2GA9,1,2,0,0,0,0,0,0,0,0,1,0,0,0,,1,,,,,,,,,,,,
10/14/2007,RV4,N621H,2GA9-2GA9,0.5,2,0,0,0,0,0,0,0,0.5,0.5,0,0,0,,0.5,,,,,,,,,,,,
10/16/2007,B200,N795CA,PDK-JKL-PDK,2.5,2,0,0.4,0,0,0,0,2.5,0,2.5,0,0,0,,,,,2.5,2.5,2.5,,,,,,,
10/17/2007,B200,N795CA,PDK-SSI-PDK,2.5,2,0,0.2,0,0,0,0,2.5,0,2.5,0,0,0,,,,,2.5,2.5,2.5,,,,,,,
10/18/2007,C550,N404BS,PDK-AHN-PAK,1.8,2,0,1,0,3,0,0,0,0,1.8,0,0,0,1.8,,,,1.8,1.8,1.8,,,,,,,
10/19/2007,C550,N404BS,PDK-LHW-SSI-LHW-PDK,2.9,3,1,0.1,0,0,0,1,2.9,0,1.6,1.3,0,0,2.9,,2,,2.9,2.9,2.9,,,,
10/21/2007,C550,N213JS,PDK-PBI,2,1,0,0,0,0,0,0,2,0,0,2,0,0,2,,1,,2,2,2,,,,
10/23/2007,C550,N213JS,PBI-PDK,2,1,0,0.5,0,1,0,0,2,0,2,0,0,0,2,,,,2,2,2,,,,
10/24/2007,C550,N404BS,PDK-FTY-HOU-GPT,4.3,3,0,2,0,1,0,0,4.3,0,4.3,0,0,0,4.3,,,,4.3,4.3,4.3,,,,
10/25/2007,C550,N404BS,GPT-FTY-PDK,1.7,2,0,0.2,0,0,0,0,1.7,0,1.7,0,0,0,1.7,,,,1.7,1.7,1.7,,,,
10/26/2007,C550,N404BS,PDK-TEB-PDK,5.1,2,0,3.3,0,1,0,0,5.1,0,5.1,0,0,0,5.1,,,,5.1,5.1,5.1,,,,
10/29/2007,C550,N404BS,PDK-FTY-CMH,1.8,2,0,0,0,0,0,0,1.8,0,1.8,0,0,0,1.8,,,,1.8,1.8,1.8,,,,
10/30/2007,C550,N404BS,CMH-FTY,1.5,1,0,0,0,0,0,0,1.5,0,1.5,0,0,0,1.5,,,,1.5,1.5,1.5,,,,
11/2/2007,C550,N213JS,PDK-SSI-PDK,2.1,2,0,0,0,0,0,0,2.1,0,1.1,1,0,0,2.1,,1,,2.1,2.1,2.1,,,,
11/3/2007,B200,N20LB,PDK-PLK,2.5,1,0,0,0,0,0,0,2.5,0,2.5,0,0,0,,,,,2.5,2.5,2.5,,,,
11/4/2007,B200,N20LB,PLK-PDK,1.9,1,0,0,0,0,0,0,1.9,0,1.9,0,0,0,,,,,1.9,1.9,1.9,,,,
11/6/2007,C550,N213JS,PDK-CKF-PDK,1.5,2,0,0,0,0,0,0,1.5,0,0.8,0.7,0,0,1.5,,,,1.5,1.5,1.5,,,,
11/8/2007,B200,N795CA,PDK-FDY-PDK,4,2,0,0,0,0,0,0,4,0,2,2,0,0,,,,,4,4,4,,,,
11/12/2007,B200,N200EA,PDK-HSV-PDK,1.8,1,1,0,0,0,0,0.8,1.8,0,1.8,0,0,0,,,,,1.8,1.8,1.8,,,,1
11/15/2007,CE560,N154VP,PDK-HOU,2.6,1,0,0,0,0,0,0,2.6,0,2.6,0,0,0,2.6,,,,2.6,2.6,2.6,,,,
11/16/2007,CE560,N154VP,HOU-SSI-PDK,3.1,2,0,0.1,0,0,0,0,3.1,0,3.1,0,0,0,3.1,,,,3.1,3.1,3.1,,,,
11/21/2007,C550,N213JS,PDK-LHW-PDK,1.8,1,1,0,0,0,0,1,1.8,0,0.8,1,0,0,1.8,,,1,1.8,1.8,1.8,,,,
11/26/2007,CE560,N154VP,PDK-BNA-PDK,1.5,2,0,0.6,0,1,0,0,1.5,0,1.5,0,0,0,1.5,,,,1.5,1.5,1.5,,,,
11/28/2007,CE560,N154VP,PDK-DAL,2.4,1,0,0,0,0,0,0,2.4,0,0,2.4,0,0,2.4,,1,,2.4,2.4,2.4,,,,
11/30/2007,CE560,N154VP,DAL-PDK,2,1,0,0,0,0,0,0,2,0,2,0,0,0,2,,,,2,2,2,,,,
12/2/2007,B200,N20LB,PDK-LUK-CLT-PDK,4.6,2,1,0.7,0,1,0,2,4.6,0,4.6,0,0,0,,,,,4.6,4.6,4.6,2,,,1
12/10/2007,B200,N200EA,PDK-BHM-BNA-PDK,2.8,3,0,0.4,0,1,0,0,2.8,0,2.8,0,0,0,,,,,2.8,2.8,2.8,,,,
12/11/2007,B200,N20LB,PDK-GKT-PHT-SGF-PDK,5.9,4,0,0.5,0,1,0,0,5.9,0,5.9,0,0,0,,,,,5.9,5.9,5.9,,,,
12/12/2007,B200,N20LB,PDK-GKT-PDK,1.7,1,1,0.3,0,0,0,0.8,1.7,0,0.9,0.8,0,0,,,,,1.7,1.7,1.7,,,,
12/12/2007,B200,N20LB,PDK-GKT-PDK,1.7,1,1,0.3,0,1,0,0.8,1.7,0,0.9,0.8,0,0,,,,,1.7,1.7,1.7,,,,
12/17/2007,B200,N20LB,PDK-VLD-PDK,2.1,2,0,0,0,0,0,0,2.1,0,2.1,0,0,0,,,,,2.1,2.1,2.1,,,,
12/27/2007,B200,N57GA,PDK-ARM,2.5,1,0,0,0,0,0,0,2.5,0,2.5,0,0,0,,,,,2.5,2.5,2.5,,,,
12/29/2007,B200,N57GA,ARM-PDK,2.4,1,0,0,0,0,0,0,2.4,0,2.4,0,0,0,,,,,2.4,2.4,2.4,,,,
1/2/2008,CE560,N154VP,PDK-LHW-PDK,1.8,2,0,0,0,0,0,0,1.8,0,1.8,0,0,0,1.8,,,,1.8,1.8,1.8,,,,
1/10/2008,B200,N795CA,PDK-MIA-PDK,5.4,1,1,0.1,0,0,0,3,5.4,0,5.4,0,0,0,,,,,5.4,5.4,5.4,,,,
1/14/2008,CE560,N154VP,PDK-DAL,2.7,1,0,0,0,0,0,0,2.7,0,2.7,0,0,0,2.7,,,,2.7,2.7,2.7,,,,
1/15/2008,CE560,N154VP,DAL-MTN,2.7,0,1,0.3,0,0,0,2,2.7,0,2.7,0,0,0,2.7,,,,2.7,2.7,2.7,,,,
1/16/2008,CE560,N154VP,MTN-PDK,2.1,1,0,0,0,0,0,0,2.1,0,2.1,0,0,0,2.1,,,,2.1,2.1,2.1,,,,
1/28/2008,CE560,N154VP,PDK-TPA,1.4,1,0,0,0,0,0,0,1.4,0,0,1.4,0,0,1.4,,1,,1.4,1.4,1.4,,,1.4,
1/31/2008,CE560,N154VP,TPA-PDK,1.5,1,0,0.2,0,0,0,0,1.5,0,1.5,0,0,0,1.5,,,,1.5,1.5,1.5,,,,
2/12/2008,C550,N213JS,PDK-LHW-SAV-PDK,2.5,3,0,0.3,0,0,0,0,2.5,0,1.5,1,0,0,2.5,,1,,2.5,2.5,2.5,,,,
2/15/2008,B200,N795CA,PDK-SAV-PDK,3.1,2,0,0.7,0,1,0,0,3.1,0,3.1,0,0,0,,,,,3.1,3.1,2.1,,,,
2/26/2008,CE560,N154VP,PDK-DAL,2.5,1,0,0,0,0,0,0,2.5,0,2.5,0,0,0,2.5,,,,2.5,2.5,2.5,,,,
2/27/2008,CE560,N154VP,DAL-kpdk,2,1,0,0,0,0,0,0,2,0,2,0,0,0,2,,,,2,2,2,,,,
3/10/2008,B200,N57GA,KPDK-4A4-DAB-CRG-RMG-PDK,4.7,4,1,0.3,0,0,0,0.4,4.7,0,4.7,0,0,0,,,,,4.7,4.7,4.7,0.4,,,1
3/22/2008,B200,N200EA,PDK-AGS-SAV-PDK-AGS-SAV-PDK,4.7,6,0,0,0,0,0,0,4.7,0,4.7,0,0,0,,,,,4.7,4.7,4.7,,,,
3/23/2008,B200,N200EA,PDK-JZI-PDK,5.3,2,0,0,0,0,0,0,5.3,0,5.3,0,0,0,,,,,5.3,5.3,5.3,,,,
3/26/2008,B200,N795CA,PDK-CLT-PDK,2.5,2,0,0,0.3,1,0,0,2.5,0,2.5,0,0,0,,,,,2.5,2.5,2.5,,,,
3/30/2008,CE560,N154VP,PDK-DAL,2.6,1,0,0.1,0,0,0,0,2.6,0,2.6,0,0,0,2.6,,,,2.6,2.6,2.6,,,,
3/31/2008,CE560,N154VP,DAL-APA,2.5,1,0,0.5,0,1,0,0,2.5,0,2.5,0,0,0,2.5,,,,2.5,2.5,2.5,,,,
4/2/2008,CE560,N154VP,APA-DAL-PDK,3.9,1,1,0,0,0,0,1.9,3.9,0,3.9,0,0,0,3.9,,,,3.9,3.9,3.9,,,,
4/16/2008,B200,N200EA,PDK-JZI-AHN-PDK,3.6,3,0,0,0.3,2,0,0,3.6,0,3.1,0.5,0,0,,,1,,3.6,3.6,3.6,,,,
4/17/2008,B200,N200EA,PDK-LEX-PDK,2.5,2,0,0,0,0,0,0,2.5,0,2.5,0,0,0,,,,,2.5,2.5,2.5,,,,
4/20/2008,B200,N200EA,PDK-CRE-PDK,3.1,2,0,0.5,0,0,0,0,3.1,0,3.1,0,0,0,,,,,3.1,3.1,2.1,,,
4/21/2008,B200,N57GA,PDK-GRD-CHS-PDK,2.8,3,0,0,0,0,0,0,2.8,0,2.8,0,0,0,,,,,2.8,2.8,2.8,,,
4/23/2008,B200,N20LB,PDK-PLK-PDK-PLK-PDK,8.2,3,1,0.9,0,0,0,1.9,8.2,0,8.2,0,0,0,,,,,8.2,8.2,8.2,,,
4/24/2008,B200,N200EA,PDK-LZU-DTS-PDK,3.9,3,0,0,0,0,0,0,3.9,0,3.9,0,0,0,,,,,3.9,3.9,3.9,,,
4/28/2008,B200,N200EA,PDK-GVL-SSI-PDK,2.7,3,0,1.1,0,1,0,0,2.7,0,2.7,0,0,0,,,,,2.7,2.7,2.7,,,
4/29/2008,CE560,N154VP,PDK-BWI,1.6,1,0,0,0,0,0,0,1.6,0,1.6,0,0,0,1.6,,,,1.6,1.6,1.6,,,
4/30/2008,CE560,N154VP,BWI-PDK,1.8,1,0,0,0,0,0,0,1.8,0,1.8,0,0,0,1.8,,,,1.8,1.8,1.8,,,
5/5/2008,B200,N200EA,PDK-SSI-ORL-VNC-SSI-PDK,5.3,5,0,0,0,0,0,0,5.3,0,5.3,0,0,0,,,,,5.3,5.3,5.3,,,
5/6/2008,CE560,N154VP,PDK-DAL,2.5,1,0,0,0,0,0,0,2.5,0,0,2.5,0,0,2,,1,,2.5,2.5,2.5,,,2.5
5/7/2008,CE560,N154VP,DAL-PDK,2,1,0,0.6,0,0,0,0,2,0,2,0,0,0,2,,,,2,2,2,,,
5/21/2008,C550,N213JS,PDK-EKM-PDK,3.5,2,0,0,0,0,0,0,3.5,0,1.5,2,0,0,3.5,,1,,3.5,3.5,3.5,,,2
5/22/2008,CE560,N154VP,PDK-MCN-TVI-MCN-PDK,2.4,4,0,0,0,0,0,0,2.4,0,2.4,0,0,0,2.4,,,,2.4,2.4,2.4,,,
5/26/2008,CE560,N154VP,PDK-GCK-APA,3.7,2,0,0.7,0,1,0,0,3.7,0,3.7,0,0,0,3.7,,,,3.7,3.7,3.7,,,
5/27/2008,CE560,N154VP,APA-PDK-TPA,4.3,2,0,0.4,0,0,0,0,4.3,0,4.3,0,0,0,4.3,,,,4.3,4.3,4.3,,,
5/28/2008,CE560,N154VP,TPA-FLL-SSI-BNA-APA,6.6,4,0,0.3,0,1,0,0,6.6,0,6.6,0,0,0,6.6,,,,6.6,6.6,6.6,,,
5/29/2008,CE560,N154VP,APA-PDK,3,1,0,0,0,0,0,0,3,0,3,0,0,0,3,,,,3,3,3,,,
6/1/2008,B200,N200EA,PDK-PDK-ISM-PDK,3.4,3,0,0,0,0,0,0,3.4,0,3.4,0,0,0,,,,,3.4,3.4,3.4,,,
6/2/2008,C550,N213JS,PDK-OLV-PDK,2.5,2,0,0,0,0,0,0,2.5,0,1.2,1.3,0,0,2.5,,1,,2.5,2.5,2.5,,,1.3
6/3/2008,B200,N200EA,PDK-JZI-SHD-PDK,4.9,3,0,0.3,0,0,0,0,4.9,0,2.7,2.2,0,0,,,2,,4.9,4.9,4.9,,,
6/10/2008,CE560,N154VP,PDK-DAL-ABQ-MHR,6.9,2,1,0,0,0,0,3,6,0,6.9,0,0,0,6.9,,,,6.9,6.9,6.9,,,
6/13/2008,CE560,N154VP,MHR-PNC-PDK,4.9,2,0,0,0,0,0,0,4.9,0,4.9,0,0,0,4.9,,,,4.9,4.9,4.9,,,
6/20/2008,C550,N213JS,PDK-MOB-SSI-PDK,3.6,3,0,0,0,0,0,0,3.6,0,2.4,1.2,0,0,3.6,,1,,3.6,3.6,3.6,,,1.2
6/24/2008,CE560,N154VP,PDK-APA,3.2,1,0,0,0,0,0,0,0,0,0,3.2,0,0,3.2,,,1,3.2,3.2,3.2,,,
6/26/2008,CE560,N154VP,APA-MEM-PDK,3.6,2,0,0,0,0,0,0,3.6,0,0,3.6,0,0,3.6,,,,3.6,3.6,3.6,,,
6/30/2008,B200,N200EA,PDK-LOU-PDK,2.8,2,0,0.4,0,1,0,0,2.8,0,1.4,1.4,0,0,,,1,,1.4,1.4,1.4,,,
7/1/2008,B200,N200EA,PDK-ILM-PDK,3.1,2,0,0,0,0,0,0,3.1,0,1.6,1.4,0,0,,,,,3.1,3.1,3.1,,,1.4
7/9/2008,CE560,N154VP,PDK-SSI-MDW,3.3,2,0,0.1,0,0,0,0,3.3,0,3.3,0,0,0,3.3,,,,3.3,3.3,3.3,,,
7/11/2008,CE560,N154VP,MDW-SSI-PDK,3.2,2,0,0.3,0,0,0,0,3.2,0,3.2,0,0,0,3.2,,,,3.2,3.2,3.2,,,
7/23/2008,CE560,N154VP,PDK-SSI-PDK-IND,3.5,3,0,0.2,0,0,0,0,3.5,0,3.5,0,0,0,3.5,,,,3.5,3.5,3.5,,,
7/25/2008,CE560,N154VP,IND-SSI-PDK,2.8,2,0,0,0,0,0,0,2.8,0,2.8,0,0,0,2.8,,,,2.8,2.8,2.8,,,
7/28/2008,CE560,N154VP,PDK-SSI-HOU,3.7,2,0,0.4,0,0,0,0,3.7,0,1,2.7,0,0,3.7,,1,,3.7,3.7,3.7,,,2.7
7/31/2008,CE560,N154VP,HOU-SSI-PDK,3.6,2,0,0.2,0,0,0,0,3.6,0,2.6,1,0,0,3.6,,1,,3.6,3.6,3.6,,,1
8/5/2008,B200,N795CA,PDK-LCK-CLE-ACY,4.7,2,1,0.5,0,0,0,1.8,4.7,0,4.7,0,0,0,,,,,4.7,4.7,4.7,,,
8/6/2008,B200,N795CA,ACY-IAD-IND,3.5,1,1,0,0,0,0,2.5,3.5,0,3.5,0,0,0,,,,,3.5,3.5,3.5,,,
8/8/2008,B200,N795CA,PDK-BHM-PDK,1.6,0,2,0,0,0,0,1.6,1.6,0,1.6,0,0,0,,,,,1.6,1.6,1.6,,,
8/9/2008,B200,N795CA,IND-JAN-PDK,3.8,2,0,0.1,0,0,0,0,3.8,0,3.8,0,0,0,,,,,3.8,3.8,3.8,,,
8/18/2008,C550,N213JS,PDK-ISM-PDK,3.1,2,0,0.5,0,0,0,0,3.1,0,1.6,1.5,0,0,3.1,,1,,3.1,3.1,3.1,,,1.5
8/24/2008,C550,N213JS,PDK-TRI,0.9,1,0,0,0,0,0,0,0.9,0,0,0.9,0,0,0.9,,0.9,,0.9,0.9,0.9,,,0.9
8/25/2008,C550,N213JS,TRI-PDK,0.9,1,0,0.3,0,1,0,0,0.9,0,0.9,0,0,0,0.9,,,,0.9,0.9,0.9,,,
9/1/2008,C550,N213JS,PDK-JZI-PDK,2.3,2,0,0.3,0,1,0,0,2.3,0,1.1,1.2,0,0,2.3,,,,2.3,2.3,2.3,,,
9/2/2008,B200,N20LB,PDK-GKT-PLK-GKT-PDK,6.2,4,0,0.8,0,1,0,0,6.2,0,6.2,0,0,0,,,,,6.2,6.2,6.2,,,
9/4/2008,B200,N20LB,PDK-TYS-PDK-TYS-PDK,2.7,4,0,0,0,1,0,0,2.7,0,1.4,1.3,0,0,,,2,,2.7,2.7,2.7,,,
9/6/2008,C550,N213JS,PDK-FTY-GVN-PFN-FTY-PDK,3.3,5,0,0,0,0,0,0,3.3,0,1.9,1.4,0,0,3.3,,2,,3.3,3.3,3.3,,,
9/11/2008,C550,N213JS,PDK-RIC-PDK,3.1,2,0,0.3,0,1,0,0,3.1,0,1.6,1.5,0,0,3.1,,1,,3.1,3.1,3.1,,,
9/18/2008,B200,N57GA,PDK-CLE-PDK,4.5,2,0,0,0,0,0,0,4.5,0,4.5,0,0,0,,,,,4.5,4.5,4.5,,,
9/20/2008,C550,N213JS,PDK-FTY-TYS-FTY-PDK,2,4,1,0,0,0,0,1,0,0,1,1,0,0,2,,,,2,2,2,,,
9/29/2008,B200,N20LB,PDK-GKT-PDK,1.7,2,0,0,0,0,0,0,1.7,0,0.9,0.8,0,0,1.7,,,,1.7,1.7,1.7,,,
9/30/2008,B200,N200EA,PDK-JAX-AHN-PDK,3.6,1,3,0,0,3,0,1,3.6,0,2.3,1.3,0,0,,,,,3.6,3.6,3.6,,,
10/1/2008,C550,N213JS,PDK-CLT-PDK,2,2,0,0,0,0,0,0,2,0,0.8,1.2,0,0,2,,,,2,2,2,,,
10/4/2008,RV4,N621H,2GA9-2GA9,20,28,0,0,0,0,0,0,0,0,20,0,0,0,,20,,,,,,,,
10/5/2008,B200,N795CA,PDK-HXD-MMU-PDK,7.1,2,1,0,0,0,0,3.4,7.1,0,7.1,0,0,0,,,,,7.1,7.1,7.1,1,,
10/8/2008,C550,N213JS,PDK-gge,1.1,1,0,0,0,0,0,0,1.1,0,1.1,1.1,0,0,1.1,,,,1.1,1.1,1.1,,,
10/9/2008,C550,N213JS,GGE-PDK,1.2,1,0,0,0,0,0,0,1.2,0,1.2,0,0,0,1.2,,,,1.2,1.2,1.2,,,
10/19/2008,B200,N795CA,PDK-GVL-LWB-PDK,3.1,3,0,0,0,0,0,0,3.1,0,3.1,0,0,0,,,,,3.1,3.1,3.1,,,
10/28/2008,B200,N795CA,PDK-JWN-PDK,3.2,2,0,0,0,0,0,0,3.2,0,3.2,0,0,0,,,,,3.2,3.2,3.2,,,
10/29/2008,C550,N213JS,PDK-FTY-MCO,1.7,1,1,0,0,0,0,1.5,0,0,1.5,0.2,0,0,1.7,,1,,1.7,1.7,1.7,1.5,,
10/30/2008,C550,N213JS,MCO-FTY-PDK,1.8,2,0,0,0,0,0,0,1.8,0,0.2,1.6,0,0,1.8,,1,,1.8,1.8,1.8,,,
11/5/2008,B200,N20LB,PDK-PLK-PDK-CLT-PLK,8.1,4,0,0,0,0,0,0,8.1,0,8.1,0,0,0,,,,,8.1,8.1,8.1,,,
11/6/2008,B200,N20LB,PLK-CLT-PDK,3.4,0,2,0.5,0,0,0,2.4,3.4,0,3.4,0,0,0,,,,,3.4,3.4,3.4,,,
11/7/2008,B200,N20LB,PDK-PLK-CLT-PDK,6.2,2,1,0.6,0,1,0,1.4,6.2,0,6.2,0,0,0,,,,,6.2,6.2,6.2,1.4,,
11/17/2008,CE560,N500FZ,PDK-PDK,0.8,1,0,0,0,0,0,0,0,0,0,0.8,0,0,0.8,,,,0.8,0.8,0.8,,,
11/18/2008,B200,N200EA,PDK-GVL-FAY-GVL-PDK,2.6,4,0,0,0,0,0,0,2.6,0,1.3,1.3,0,0,,,,,2.6,2.6,2.6,,,1.3
11/29/2008,B200,N200EA,PDK-LOU-PDK,3,1,1,0.8,0,1,0,1.5,3,0,1.5,1.5,0,0,,,,,3,3,3,,,
12/8/2008,RV4,N621H,2GA9-2GA9,1.5,3,0,0,0,0,0,0,0,0,1.5,0,0,0,,1.5,,,,,,,,
12/10/2008,CE560,N154VP,PDK-dal,2.4,1,0,0,0,0,0,0,2.4,0,2.4,0,0,0,2.4,,,,2.4,2.4,2.4,,,,,,,
12/11/2008,CE560,N154VP,DAL-pdk,2.1,1,0,0.3,0,0,0,0,2.1,0,2.1,0,0,0,2.1,,,,2.1,2.1,2.1,,,,,,,
12/12/2008,CE560,N500FZ,PDK-clt-pdk,1.9,2,0,0,0,0,0,0,1.9,0,1.9,0,0,0,1.9,,,,1.9,1.9,1.9,,,,,,,
12/17/2008,B200,N200EA,P-BQK-P,2.4,2,0,0,0,0,0,0,2.4,0,2.4,1.2,0,0,,,,,2.4,2.4,2.4,,,,,,,
12/27/2008,CE560,N500FZ,Pdk-pbi-pdk,3.5,2,0,0.1,0,0,0,0,3.5,0,3.5,0,0,0,3.5,,,,3.5,3.5,3.5,,,,,,,
1/13/2009,B200,N20LB,PDK-gkt-pdk,1.7,1,0,0.3,0,0,0,0,1.7,0,1.7,0,0,0,,,,,1.7,1.7,1.7,,,,,,,
1/21/2009,B200,N20LB,PDK-mem-pdk,3.3,2,0,0,0,0,0,0,3.3,0,3.3,0,0,0,,,,,3.3,3.3,3.3,,,,,,,windshield
1/28/2009,B200,N200EA,PDK-rdu-cae-pdk,4.1,2,1,1.9,0,1,0,1.1,4.1,0,4.1,0,0,0,,,,,4.1,4.1,4.1,,,,1,,,
1/30/2009,BE58,N74WM,PDK-PDK,0.3,0,2,0,0,0,0,0.3,0,0,0.3,0,0.3,0,,,,,,0.3,0.3,0.3,,,2,,,
2/14/2009,RV4,N621H,2GA9-2GA9,0.4,1,0,0,0,0,0,0,0,0.4,0.4,0,0,0,,0.4,,,,,,,,,,,,
2/15/2009,RV4,N621H,2GA9-2GA9,0.4,1,0,0,0,0,0,0,0,0.4,0.4,0,0,0,,0.4,,,,,,,,,,,,
3/19/2009,C550,N213JS,PDK-BQK-PDK,2.2,2,0,0,0,0,0,0,2.2,0,2.2,0,0,0,2,,,,2.2,2.2,2.2,,,,,,,
3/22/2009,Piet,NX1EE,2GA9-2GA9,1,3,0,0,0,0,0,0,0,0,1,0,0,1,,1,,,,,,,,,,,,BFR Wayne Whittiker 1.3 Ground
3/30/2009,C550,N213JS,"PDK, CHS,PDK,PIE,PDK",6.9,5,0,1.5,0,1,0,0,6.9,0,3.3,3.6,0,0,6.9,,,,6.9,6.9,6.9,,,,,,,
4/25/2009,C172G,N3075L,9A1-9A1,0.8,3,0,0,0,0,0,0,0,0,0.8,0,0.8,0,,,,,,,,,,,,,,Aircraft Check out
5/24/2009,DA20-C1-Eclipse,N391JA,LZU-LZU,1,1,0,0,0,0,0,0,0,0,1,0,0,0,,,,,,,,,,,,,,Diamond check
5/30/2009,C172P,N52741,lzu-lzu,0.9,2,0,0,0,0,0,0,0,0,0.9,0,0,0.9,,,,,,,,,,,,,,Intro flight
5/30/2009,DA20-C1-Eclipse,N391JA,LZU-LZU,0.4,1,0,0,0,0,0,0,0,0,0.4,0,0,0.4,,,,,,,,,,,,,,Intro flight
5/30/2009,C172P,N52741,LZU-LZU,1.1,1,0,0,0,0,0,0,0,0,1.1,0,0,1.1,,,,,,,,,,,,,,"Tommy Frey.  Climbs, Turns, Descents, Slow Flight, Stalls"
5/30/2009,DA20-C1-Eclipse,N391JA,LZU-LZU,0.3,1,0,0,0,0,0,0,0,0,0.3,0,0,0.3,,,,,,,,,,,,,,Intro Flight
6/1/2009,C175A,N175PP,2ga9-2ga9,2,1,0,0,0,4,0,0,0,0,2,0,0,0,,,,,,,,,,,,,,
6/2/2009,Piet,NX1EE,2GA9-2GA9,0.7,2,0,0,0,0,0,0,0,0,0.7,0,0,0.7,,0.7,,,,,,,,,,,,"Stalls, turns, climbs, descents Jeff Boatright"
6/3/2009,DA20-C1-Eclipse,N391JA,LZU-LZU,0.9,1,0,0,0,0,0,0,0,0,0.9,0,0,0.9,,,,,,,,,,,,,,"climbs, turns, descents, flight at different airspeeds. John Bacon"
6/5/2009,DA20-C1-Eclipse,N391JA,LZU-lzu,1.8,3,0,0,0,0,0,0,0,0,1.8,0,0,1.8,,,,,,,,,,,,,,"Ozal Gursel, climbs turns descents flaps pattern landings"
6/6/2009,Piet,NX1EE,2ga9-2ga9,1,3,0,0,0,0,0,0,0,0,1,0,0,1,,1,,,,,,,,,,,,"Jeff Boatright, power on/ off stalls steep turns  landings"
6/7/2009,PA28-161,N709DF,LZU AHN 52A LZU,1.9,1,0,1.4,0,3,0,0,0,0,1.9,0,0,1.9,,,,,,,,,,,,,,IFR flight training.  Pat Bratton
6/10/2009,DA20-C1-Eclipse,N393JA,LZU WDR LZU,0.9,2,0,0,0,0,0,0,0,0,0.9,0,0,0.9,,,,,,,,,,,,,,intro flight
6/18/2009,DA20-C1-Eclipse,N393JA,LZU-LZU,1.3,1,0,0,0,0,0,0,0,0,1.3,0,0,1.3,,,,,,,,,,,,1.3,2.3,"Ground for Clay Sims BFR , Stalls, Steep Turns, Slow flight, Climbs, Turns, Descents, Taxi, Take off, Landing, go around"
6/19/2009,DA20-C1-Eclipse,N391JA,LZU-LZU,1.2,3,0,0,0,0,0,0,0,0,1.2,0,0,1.2,,,,,,,,,,,,0.5,1.7,"Emergency Procedures, Cross wind Landings."
