Date	Aircraft Type	Aircraft Ident	Route of Flight	Time in Flight	Day Landings	Night Landings	Instrument	Simulated Instrument	Approaches	Simulator	Night	Cross Country	Solo	Pilot in Command	Second in Command	Dual	As Instructor	Remarks
"12/01/02"	"C172P"	"N98508"	"ZZV-ZZV"	130.5	55	10	0.0	5.0	0	0.0	3.3	7.8	0.0	72.6	0.0	57.9	0.0	"TOTALS FROM PREVIOUS LOGBOOK - ALL SINGLE ENGINE."
"12/27/02"	"C172P"	"N98508"	"ZZV - ZZV"	0.7	1	0	0.0	0.0	0	0.0	0.0	0.0	0.0	0.7	0.0	0.0	0.0	
"01/21/03"	"C172P"	"N98508"	"ZZV-ZZV"	1.0	1	0	0.0	0.0	0	0.0	0.0	0.0	0.0	1.0	0.0	0.0	0.0	
"01/27/03"	"C172P"	"N98508"	"ZZV-MFD-ZZV"	2.1	2	0	0.0	0.0	0	0.0	0.0	2.1	0.0	2.1	0.0	0.0	0.0	
"02/08/03"	"C172P"	"N98508"	"ZZV-MFD-ZZV"	2.0	2	0	0.0	0.0	0	0.0	0.0	2.0	0.0	2.0	0.0	0.0	0.0	
"03/12/03"	"C172P"	"N98508"	"ZZV-ZZV"	0.8	1	0	0.0	0.0	0	0.0	0.0	0.0	0.0	0.8	0.0	0.0	0.0	
"03/14/03"	"C172P"	"N98508"	"ZZV-SKY-ZZV"	2.4	2	0	0.0	0.0	0	0.0	0.0	2.4	0.0	2.4	0.0	0.0	0.0	
"03/24/03"	"C172P"	"N98508"	"ZZV-TSO-ZZV"	1.6	2	0	0.0	0.0	0	0.0	0.0	1.6	0.0	1.6	0.0	0.0	0.0	
"03/25/03"	"C172P"	"N98508"	"ZZV-CMH-ZZV"	1.6	2	0	0.0	0.0	0	0.0	0.0	0.0	0.0	1.6	0.0	0.0	0.0	
"03/30/03"	"C172P"	"N98508"	"ZZV-ZZV"	1.3	1	0	0.0	1.2	2	0.0	0.0	0.0	0.0	1.3	0.0	1.3	0.0	
"04/03/03"	"C172P"	"N98508"	"ZZV-CDI-ZZV"	1.2	2	0	0.0	0.9	2	0.0	0.0	0.0	0.0	1.2	0.0	1.2	0.0	
"04/06/03"	"C172P"	"N98508"	"ZZV-PKB-I18-ZZV"	2.6	3	0	0.0	2.4	3	0.0	0.0	2.6	0.0	2.6	0.0	2.6	0.0	
"04/10/03"	"C172P"	"N98508"	"ZZV-CDI-ZZV"	1.5	2	0	0.0	1.4	2	0.0	0.0	0.0	0.0	1.5	0.0	1.5	0.0	
"04/13/03"	"C172P"	"N98508"	"ZZV-MFD-3G4-ZZV"	3.1	3	0	0.0	2.9	6	0.0	0.0	3.1	0.0	3.1	0.0	3.1	0.0	
"04/15/03"	"C172P"	"N98508"	"ZZV-I40-ZZV"	1.4	1	0	0.0	1.3	3	0.0	0.0	0.0	0.0	1.4	0.0	0.0	0.0	
"04/17/03"	"C172P"	"N98508"	"ZZV-ZZV"	1.4	1	0	0.0	1.3	2	0.0	0.0	0.0	0.0	1.4	0.0	1.4	0.0	
"04/22/03"	"C172P"	"N98508"	"ZZV-CYO-LHQ-ZZV"	2.3	3	0	0.0	2.2	4	0.0	0.0	2.3	0.0	2.3	0.0	2.2	0.0	
"04/23/03"	"C172P"	"N98508"	"ZZV-LEX-ZZV"	3.9	2	0	0.0	0.0	0	0.0	0.0	3.9	0.0	3.9	0.0	0.0	0.0	
"04/24/03"	"C172P"	"N98508"	"ZZV-ZZV"	1.4	1	0	0.0	1.2	3	0.0	0.0	0.0	0.0	1.4	0.0	1.4	0.0	
"04/27/03"	"C172P"	"N98508"	"ZZV-CYO-LCK-ZZV"	3.0	2	0	0.0	2.8	4	0.0	0.0	3.0	0.0	3.0	0.0	3.0	0.0	
"04/29/03"	"C172P"	"N98508"	"ZZV-MFD-ZZV"	1.9	2	0	0.0	1.7	2	0.0	0.0	1.9	0.0	1.9	0.0	1.9	0.0	
"04/30/03"	"C172L"	"N123ZA"	"ZZV-CDI-ZZV"	0.6	2	0	0.0	0.0	0	0.0	0.0	0.0	0.0	0.6	0.0	0.0	0.0	
"05/01/03"	"C172P"	"N98508"	"CMH-ZZV"	0.8	1	0	0.0	0.0	0	0.0	0.0	0.0	0.0	0.8	0.0	0.0	0.0	
"05/03/03"	"C172P"	"N98508"	"ZZV-MFD"	1.0	0	0	0.0	0.3	1	0.0	0.0	1.0	0.0	1.0	0.0	0.0	0.0	"Erika as safety pilot"
"05/04/03"	"C172P"	"N98508"	"ZZV-CAK-MFD-ZZV"	3.2	2	0	0.0	3.0	5	0.0	0.0	3.2	0.0	3.2	0.0	3.2	0.0	
"05/08/03"	"C172P"	"N98508"	"ZZV-MFD-ZZV"	2.2	2	0	1.0	0.0	2	0.0	0.0	1.2	0.0	1.2	0.0	2.2	0.0	
"05/13/03"	"C172P"	"N98508"	"ZZV-CDI-ZZV"	1.1	1	0	0.0	1.0	2	0.0	0.0	0.0	0.0	1.1	0.0	1.1	0.0	
"05/17/03"	"C172P"	"N98508"	"ZZV-3G4-PHD-4I3-I40-10G-ZZV"	3.4	6	0	0.6	0.0	1	0.0	0.0	2.8	0.0	2.7	0.0	0.7	0.0	
"05/20/03"	"C172P"	"N98508"	"ZZV-CDI-ZZV"	1.0	1	0	0.9	0.0	2	0.0	0.0	0.0	0.0	0.0	0.0	1.0	0.0	
"05/22/03"	"C172P"	"N98508"	"ZZV-LHQ-CYO-ZZV"	2.5	3	0	0.0	2.3	4	0.0	0.0	2.5	0.0	2.5	0.0	2.5	0.0	
"05/22/03"	"C172P"	"N98508"	"ZZV-LHQ-CYO-RZT-ZZV"	2.9	2	0	0.0	2.7	5	0.0	0.0	2.9	0.0	2.9	0.0	2.9	0.0	
"06/02/03"	"C172P"	"N98508"	"ZZV-MFD"	1.1	1	0	0.0	0.9	2	0.0	0.0	1.1	0.0	1.1	0.0	0.0	0.0	"Erika as safety Pilot"
"06/05/03"	"C172P"	"N98508"	"ZZV-I40-ZZV"	1.4	1	0	0.0	1.2	3	0.0	0.0	0.0	0.0	1.4	0.0	1.4	0.0	
"06/08/03"	"C172P"	"N98508"	"ZZV-AKR-LBE-ZZV"	4.5	3	0	1.0	3.0	3	0.0	0.0	3.5	0.0	3.5	0.0	4.5	0.0	
"06/10/03"	"C172P"	"N98508"	"ZZV-LCK-ZZV"	1.8	1	0	0.0	1.6	3	0.0	0.0	0.0	0.0	1.8	0.0	1.8	0.0	
"06/19/03"	"C172P"	"N98508"	"ZZV-LCK-LHQ-ZZV"	2.2	1	0	1.0	1.0	4	0.0	0.0	0.0	0.0	2.2	0.0	2.2	0.0	
"06/22/03"	"C172P"	"N98508"	"ZZV-LHQ-ZZV"	2.6	2	0	0.0	2.4	4	0.0	0.0	0.0	0.0	2.6	0.0	2.6	0.0	
"06/24/03"	"C172P"	"N98508"	"ZZV-ZZV"	1.0	1	0	0.0	0.9	1	0.0	0.0	0.0	0.0	1.0	0.0	1.0	0.0	
"06/29/03"	"C172P"	"N98508"	"ZZV-LHQ-ZZV"	1.9	2	0	0.0	1.7	3	0.0	0.0	0.0	0.0	1.9	0.0	1.9	0.0	
"07/01/03"	"C172P"	"N98508"	"ZZV-VTA-ZZV"	0.9	2	0	0.0	0.0	0	0.0	0.0	0.0	0.0	0.9	0.0	0.0	0.0	
"07/04/03"	"C172P"	"N98508"	"ZZV-ZZV"	0.9	1	0	0.0	0.7	0	0.0	0.0	0.0	0.0	0.9	0.0	0.9	0.0	
"07/06/03"	"C172P"	"N98508"	"ZZV-VTA-LCK-LHQ-ZZV"	2.9	3	0	0.0	2.5	3	0.0	0.0	0.0	0.0	2.9	0.0	2.9	0.0	
"07/11/03"	"C172P"	"N98508"	"ZZV-ZZV"	1.4	1	0	0.0	1.0	1	0.0	0.0	0.0	0.0	1.4	0.0	0.0	0.0	
"07/13/03"	"C172P"	"N98508"	"ZZV-ZZV"	1.5	1	0	0.0	1.0	1	0.0	0.0	0.0	0.0	1.5	0.0	1.5	0.0	
"07/16/03"	"C172P"	"N98508"	"ZZV-CYO-LHQ-ZZV"	2.2	3	0	0.0	2.0	4	0.0	0.0	2.2	0.0	2.2	0.0	2.2	0.0	
"07/18/03"	"C172P"	"N98508"	"ZZV-ZZV"	1.0	1	0	0.0	0.8	1	0.0	0.0	0.0	0.0	1.0	0.0	0.0	0.0	"INSTRUMENT RATING CHECKRIDE PT1"
"07/18/03"	"C172P"	"N98508"	"ZZV-LCK-LHQ-ZZV"	1.7	2	0	0.0	1.4	2	0.0	0.0	0.0	0.0	1.7	0.0	0.0	0.0	"INSTRUMENT RATING CHECKRIDE PT2"
"08/11/03"	"C172P"	"N98508"	"ZZV-ZZV"	0.9	1	0	0.0	0.0	0	0.0	0.0	0.0	0.0	0.9	0.0	0.0	0.0	
"08/14/03"	"C172L"	"N123ZA"	"ZZV-ZZV"	0.5	1	0	0.0	0.0	0	0.0	0.0	0.0	0.0	0.5	0.0	0.0	0.0	
"08/22/03"	"C172P"	"N98508"	"ZZV-CMH-ZZV"	1.5	2	0	1.2	0.0	1	0.0	0.0	0.0	0.0	1.5	0.0	0.0	0.0	
"09/03/03"	"C172L"	"N123ZA"	"ZZV-CMH"	1.1	1	0	0.9	0.0	1	0.0	0.0	0.0	0.0	1.1	0.0	0.0	0.0	
"09/04/03"	"C172L"	"N123ZA"	"CDI-ZZV"	0.4	1	0	0.0	0.0	0	0.0	0.0	0.0	0.0	0.4	0.0	0.0	0.0	
"09/11/03"	"C172P"	"N98508"	"ZZV-CDI-ZZV"	0.6	2	0	0.0	0.0	0	0.0	0.0	0.0	0.0	0.6	0.0	0.0	0.0	
"09/15/03"	"C172P"	"N98508"	"ZZV-DAY-ZZV"	2.8	2	0	1.0	0.0	0	0.0	0.0	2.8	0.0	2.8	0.0	0.0	0.0	
"09/26/03"	"C172P"	"N98508"	"ZZV-CMH-ZZV"	1.5	2	0	0.0	0.0	0	0.0	0.0	0.0	0.0	1.5	0.0	0.0	0.0	
"09/28/03"	"C172P"	"N98508"	"ZZV-ZZV"	0.9	1	0	0.0	0.0	0	0.0	0.0	0.0	0.0	0.9	0.0	0.9	0.0	
"10/04/03"	"C172P"	"N98508"	"ZZV-HLG-ZZV"	1.8	2	0	0.0	0.0	0	0.0	0.0	1.8	0.0	1.8	0.0	0.0	0.0	
"10/07/03"	"C172P"	"N98508"	"ZZV-ZZV"	0.6	2	0	0.0	0.0	0	0.0	0.0	0.0	0.0	0.6	0.0	0.0	0.0	
"10/07/03"	"C172P"	"N98508"	"ZZV-VTA-ZZV"	1.0	2	0	0.0	0.0	0	0.0	0.0	0.0	0.0	1.0	0.0	0.0	0.0	
"10/07/03"	"C172P"	"N98508"	"ZZV-ZZV"	0.5	0	3	0.0	0.0	0	0.0	0.5	0.0	0.0	0.5	0.0	0.0	0.0	
"10/19/03"	"C172P"	"N98508"	"ZZV-ZZV"	1.4	3	0	0.0	0.0	0	0.0	0.0	0.0	0.0	1.4	0.0	1.4	0.0	
"10/22/03"	"C172P"	"N98508"	"ZZV-ZZV"	0.3	1	0	0.0	0.0	0	0.0	0.0	0.0	0.0	0.3	0.0	0.0	0.0	
"10/23/03"	"C172P"	"N98508"	"ZZV-ZZV"	0.8	4	0	0.0	0.0	0	0.0	0.0	0.0	0.0	0.8	0.0	0.0	0.0	
"10/29/03"	"C172P"	"N98508"	"ZZV-HLG-ZZV"	1.8	2	0	0.0	0.0	0	0.0	0.0	1.8	0.0	1.8	0.0	0.0	0.0	
"11/04/03"	"C172P"	"N98508"	"ZZV-ROC-AIG"	3.4	2	0	1.4	0.0	2	0.0	0.0	3.4	0.0	3.4	0.0	0.0	0.0	
"11/04/03"	"C172P"	"N98508"	"IAG-ERI"	1.2	0	1	0.3	0.0	0	0.0	1.0	1.2	0.0	1.2	0.0	0.0	0.0	
"11/04/03"	"C172P"	"N98508"	"ERI-ZZV"	2.3	0	1	0.0	0.0	0	0.0	2.3	2.3	0.0	2.3	0.0	0.0	0.0	
"11/07/03"	"C172P"	"N98508"	"ZZV-CMH-ZZV"	1.5	2	0	0.0	0.0	0	0.0	0.0	0.0	0.0	1.5	0.0	0.0	0.0	
"11/16/03"	"C182K"	"N2627R"	"ZZV-LHQ-ZZV"	1.3	2	0	0.7	0.0	1	0.0	0.0	0.0	0.0	1.3	0.0	1.3	0.0	
"11/22/03"	"C172L"	"N123ZA"	"ZZV-MFD-ZZV"	2.7	0	10	0.0	0.0	0	0.0	2.7	2.7	0.0	2.7	0.0	0.0	0.0	
"11/29/03"	"PA28R-200"	"N75358"	"LHQ-LHQ"	0.9	2	0	0.0	0.0	0	0.0	0.0	0.0	0.0	0.0	0.0	0.9	0.0	
"12/04/03"	"PA28R-200"	"N75358"	"LHQ-LHQ"	2.8	10	0	0.0	0.0	0	0.0	0.0	0.0	0.0	0.0	0.0	2.8	0.0	
"12/07/03"	"PA28R-200"	"N75358"	"LHQ-PKB-LHQ"	1.4	2	0	0.0	0.0	0	0.0	0.0	1.4	0.0	0.0	0.0	1.4	0.0	
"12/07/03"	"PA28R-200"	"N75358"	"LHQ-LHQ"	1.1	4	0	0.0	0.0	0	0.0	0.0	0.0	0.0	0.0	0.0	1.1	0.0	
"12/22/03"	"C172P"	"N98508"	"ZZV-CDI-ZZV"	0.5	2	0	0.0	0.0	0	0.0	0.0	0.0	0.0	0.5	0.0	0.0	0.0	
"12/27/03"	"C172P"	"N98508"	"ZZV-ZZV"	1.3	3	0	0.0	0.0	0	0.0	0.0	0.0	0.0	1.3	0.0	1.3	0.0	
"12/28/03"	"PA28R-200"	"N75358"	"LHQ-MGW-LHQ"	2.7	2	0	0.0	0.0	0	0.0	0.0	2.7	0.0	0.0	0.0	2.7	0.0	
"01/10/04"	"C172P"	"N98508"	"ZZV-ZZV"	1.8	1	0	0.0	1.4	6	0.0	0.0	0.0	0.0	1.8	0.0	0.0	0.0	
"01/14/04"	"C172P"	"N98508"	"ZZV-ZZV"	0.8	3	0	0.0	0.0	0	0.0	0.0	0.0	0.0	0.8	0.0	0.0	0.0	
"01/15/04"	"C172P"	"N98508"	"ZZV-ZZV"	0.6	1	0	0.0	0.0	0	0.0	0.0	0.0	0.0	0.6	0.0	0.0	0.0	
"01/20/04"	"C172P"	"N98508"	"ZZV-ZZV"	0.6	1	0	0.0	0.0	0	0.0	0.0	0.0	0.0	0.6	0.0	0.0	0.0	
"01/20/04"	"C172P"	"N98508"	"ZZV-CDI"	0.9	1	0	0.0	0.0	0	0.0	0.0	0.0	0.0	0.9	0.0	0.9	0.0	
"01/20/04"	"C172P"	"N98508"	"CDI-HTS-ZZV"	2.3	0	2	0.0	0.0	0	0.0	2.3	2.3	0.0	2.3	0.0	2.3	0.0	
"01/29/04"	"C172P"	"N98508"	"ZZV-ZZV"	1.1	2	0	0.0	0.0	0	0.0	0.0	0.0	0.0	1.1	0.0	1.1	0.0	
"01/29/04"	"C172P"	"N98508"	"ZZV-ZZV"	0.6	5	0	0.0	0.0	0	0.0	0.0	0.0	0.0	0.6	0.0	0.0	0.0	
"01/31/04"	"PA28R-200"	"N75358"	"LHQ-LHQ"	1.3	3	0	0.0	0.0	0	0.0	0.0	0.0	0.0	0.0	0.0	1.3	0.0	
"02/01/04"	"PA28R-200"	"N75358"	"LHQ-VTA-LHQ"	1.1	6	0	0.0	0.0	0	0.0	0.0	0.0	0.0	0.0	0.0	1.1	0.0	
"02/01/04"	"C172P"	"N98508"	"ZZV-LHQ-ZZV"	2.5	5	0	0.0	0.0	0	0.0	0.0	0.0	0.0	2.5	0.0	2.5	0.0	
"02/04/04"	"C172P"	"N98508"	"ZZV-LHQ-ZZV"	2.0	6	0	0.0	0.0	0	0.0	0.0	0.0	0.0	2.0	0.0	0.0	0.0	
"02/10/04"	"C172P"	"N98508"	"ZZV-ZZV"	0.6	2	0	0.0	0.0	0	0.0	0.0	0.0	0.0	0.6	0.0	0.0	0.0	
"02/11/04"	"C172P"	"N98508"	"ZZV-ZZV"	1.0	3	0	0.0	0.0	0	0.0	0.0	0.0	0.0	1.0	0.0	1.0	0.0	
"02/12/04"	"C172P"	"N98508"	"ZZV-LHQ-ZZV"	1.2	5	0	0.0	0.0	0	0.0	0.0	0.0	0.0	1.2	0.0	0.0	0.0	
"02/17/04"	"PA28R-200"	"N75358"	"LHQ-LHQ"	1.5	4	0	0.0	0.0	0	0.0	0.0	0.0	0.0	1.5	0.0	1.5	0.0	
"03/03/04"	"PA28R-200"	"N75358"	"LHQ-LHQ"	1.2	4	0	0.0	0.0	0	0.0	0.0	0.0	0.0	1.2	0.0	1.2	0.0	
"03/13/04"	"PA28R-200"	"N75358"	"LHQ-LHQ"	1.1	3	0	0.0	0.0	0	0.0	0.0	0.0	0.0	1.1	0.0	0.0	0.0	"Commercial Single Engine checkride."
"03/30/04"	"PA44-180"	"N1221K"	"BWG-BWG"	2.0	5	0	0.0	0.0	0	0.0	0.0	0.0	0.0	0.0	0.0	2.0	0.0	
"03/30/04"	"PA44-180"	"N1221K"	"BWG-BWG"	1.6	0	1	0.0	0.4	1	0.0	0.5	0.0	0.0	0.0	0.0	1.6	0.0	
"03/31/04"	"PA44-180"	"N1221K"	"BWG-BWG"	1.7	1	0	0.0	0.5	1	0.0	0.0	0.0	0.0	0.0	0.0	1.7	0.0	
"03/31/04"	"PA44-180"	"N1221K"	"BWG-BWG"	2.0	3	0	0.0	0.4	1	0.0	0.0	0.0	0.0	0.0	0.0	2.0	0.0	
"04/01/04"	"PA44-180"	"N1221K"	"BWG-BWG"	1.0	1	0	0.0	0.5	1	0.0	0.0	0.0	0.0	0.0	0.0	1.0	0.0	
"04/01/04"	"PA44-180"	"N1221K"	"BWG-BWG"	1.3	3	0	0.0	0.2	2	0.0	0.0	0.0	0.0	1.3	0.0	0.0	0.0	"Multi-Engine Commercial Instrument Checkride."
"05/09/04"	"C182K"	"N2627R"	"ZZV-ZZV"	1.0	6	0	0.0	0.0	0	0.0	0.0	0.0	0.0	1.0	0.0	1.0	0.0	"High Performance endorsement."
"05/13/04"	"C90A"	"N90PR"	"ZZV-CRW-SHD-CRW-ZZV"	2.4	2	0	0.0	0.0	0	0.0	0.0	2.4	0.0	0.0	0.0	2.4	0.0	"High Alt Endorsement."
"05/14/04"	"C172P"	"N98508"	"ZZV-ZZV"	2.1	1	0	0.0	0.0	0	0.0	0.0	0.0	0.0	2.1	0.0	0.0	0.0	
"05/21/04"	"F90"	"N127DC"	"ZZV-ZZV"	0.9	1	0	0.2	0.3	2	0.0	0.0	0.0	0.0	0.0	0.9	0.0	0.0	"Pt135 SIC Checkride"
"05/21/04"	"F90"	"N127DC"	"ZZV-CDI-ZZV"	0.2	1	0	0.0	0.0	0	0.0	0.0	0.0	0.0	0.2	0.0	0.0	0.0	
"05/24/04"	"C172L"	"N123ZA"	"ZZV-CMH-ZZV"	1.6	2	0	0.2	0.0	0	0.0	0.0	0.0	0.0	1.6	0.0	1.6	0.0	
"05/27/04"	"F90"	"N127DC"	"ZZV-AOH-LNK-AOH-ZZV"	6.6	1	1	0.0	0.0	0	0.0	0.5	6.6	0.0	1.0	5.6	0.0	0.0	
"06/08/04"	"F90"	"N127DC"	"ZZV-OSU-LNS-OSU-ZZV"	3.5	1	1	0.2	0.0	0	0.0	1.7	3.5	0.0	0.8	2.7	0.0	0.0	
"06/10/04"	"F90"	"N127DC"	"ZZV-CMH-CHO-FCI-CHO-CMH-ZZV"	3.8	1	2	0.0	0.0	0	0.0	1.4	3.8	0.0	0.9	2.9	0.0	0.0	
"06/25/04"	"F90"	"N127DC"	"ZZV-DAY-ZZV"	1.2	0	0	0.0	0.0	0	0.0	0.0	1.2	0.0	1.2	0.0	0.0	0.0	
"06/27/04"	"C172P"	"N98508"	"ZZV-ZZV"	0.7	1	0	0.0	0.0	0	0.0	0.0	0.0	0.0	0.7	0.0	0.0	0.0	
"07/05/04"	"B200"	"N127MJ"	"ZZV-LEX-LWB-CMH-ZZV"	3.2	1	0	0.0	0.0	0	0.0	0.0	3.2	0.0	1.9	1.3	0.0	0.0	
"07/09/04"	"C172L"	"N123ZA"	"ZZV-CMH"	0.7	1	0	0.0	0.0	0	0.0	0.0	0.0	0.0	0.7	0.0	0.7	0.0	
"07/09/04"	"C172P"	"N98508"	"CMH-ZZV"	0.8	1	0	0.0	0.0	0	0.0	0.0	0.0	0.0	0.8	0.0	0.0	0.0	
"07/14/04"	"C172P"	"N98508"	"ZZV-ZZV"	0.4	1	0	0.0	0.0	0	0.0	0.0	0.0	0.0	0.4	0.0	0.0	0.0	
"07/15/04"	"F90"	"N127DC"	"ZZV-I68-UIN-FDY-VTA-UIN-I68-ZZV"	8.4	2	2	0.4	0.0	0	0.0	1.5	8.4	0.0	8.4	0.0	8.4	0.0	
"07/21/04"	"F90"	"N127DC"	"ZZV-CMH-HTS-CMH-ZZV"	2.1	4	0	0.0	0.4	1	0.0	0.0	2.1	0.0	0.8	1.3	0.0	0.0	
"07/28/04"	"C172P"	"N98508"	"ZZV-CMH"	0.7	1	0	0.5	0.0	1	0.0	0.0	0.0	0.0	0.7	0.0	0.0	0.0	
"07/29/04"	"C310R"	"N626TM"	"ZZV-CMH"	0.3	0	0	0.0	0.0	0	0.0	0.0	0.0	0.0	0.3	0.0	0.0	0.0	
"07/29/04"	"C172P"	"N98508"	"CMH-ZZV"	0.8	1	0	0.2	0.0	0	0.0	0.0	0.0	0.0	0.8	0.0	0.0	0.0	
"08/05/04"	"C90A"	"N90PR"	"ZZV-TYS-BKL-TYS-CMH-MDT-ZZV"	8.9	3	0	0.6	0.0	2	0.0	0.0	8.9	0.0	8.9	0.0	8.9	0.0	
"08/08/04"	"F90"	"N127DC"	"ZZV-LWB-VTA-ZZV"	1.9	2	0	0.1	0.0	0	0.0	0.0	1.9	0.0	1.9	0.0	0.0	0.0	
"08/09/04"	"C172P"	"N98508"	"ZZV-ZZV"	0.4	1	0	0.0	0.0	0	0.0	0.0	0.0	0.0	0.4	0.0	0.0	0.0	
"08/13/04"	"PA30"	"N7453Y"	"ZZV-ZZV"	1.5	0	0	0.0	0.0	0	0.0	0.0	0.0	0.0	0.0	1.5	0.0	0.0	
"08/16/04"	"C172P"	"N98508"	"ZZV-ZZV"	0.5	1	0	0.0	0.0	0	0.0	0.0	0.0	0.0	0.5	0.0	0.0	0.0	
"08/19/04"	"C177B"	"N20180"	"ZZV-I4A-ZZV"	5.0	0	0	0.4	0.0	0	0.0	0.0	0.0	0.0	5.0	0.0	0.0	0.0	
"08/25/04"	"F90"	"N127DC"	"ZZV-OSU-AGC-OSU-ZZV"	2.2	2	0	0.2	0.0	1	0.0	0.0	2.2	0.0	0.8	1.4	0.0	0.0	
"08/28/04"	"B200"	"N127MJ"	"ZZV-LUK-BKL-ZZV"	2.2	0	1	0.0	0.0	0	0.0	2.2	2.2	0.0	1.3	0.9	0.0	0.0	
"09/09/04"	"B200"	"N127MJ"	"ZZV-ART-CAK-ZZV"	3.7	2	0	0.6	0.0	2	0.0	0.0	3.7	0.0	2.0	1.7	0.0	0.0	
"09/11/04"	"C550"	"N127JJ"	"ZZV-BKL-HFD-ZZV"	3.7	0	0	0.0	0.0	0	0.0	0.0	3.7	0.0	0.0	3.7	0.0	0.0	
"09/16/04"	"C172P"	"N98508"	"ZZV-PKB-I10-ZZV"	1.6	3	0	0.0	0.0	0	0.0	0.0	0.0	0.0	1.6	0.0	0.0	0.0	
"09/21/04"	"B200"	"N127MJ"	"ZZV-CDI-PKB-ILG-PKB-CDI-ZZV"	4.0	4	0	0.0	0.0	0	0.0	0.0	4.0	0.0	0.5	3.5	0.0	0.0	
"09/23/04"	"C172L"	"N123ZA"	"ZZV-ZZV"	0.4	1	0	0.0	0.0	0	0.0	0.0	0.0	0.0	0.4	0.0	0.0	0.0	
"09/28/04"	"F90"	"N127DC"	"ZZV-CMH-HTS-CMH-ZZV"	2.0	0	0	0.0	0.0	0	0.0	0.0	2.0	0.0	1.3	0.7	0.0	0.0	
"10/04/04"	"C90A"	"N90PR"	"ZZV-CMH-MDT-CMH-ZZV"	3.5	1	1	0.0	0.0	0	0.0	0.6	3.5	0.0	3.5	0.0	3.5	0.0	
"10/10/04"	"C172P"	"N98508"	"ZZV-ZZV"	4.2	9	0	0.0	0.0	0	0.0	0.0	0.0	0.0	4.2	0.0	0.0	0.0	
"10/25/04"	"C172P"	"N98508"	"ZZV-ZZV"	1.0	1	0	0.0	0.0	0	0.0	0.0	0.0	0.0	1.0	0.0	0.0	0.0	
"10/26/04"	"C172P"	"N98508"	"47OH-ZZV"	1.0	1	0	0.0	0.0	0	0.0	0.0	1.0	0.0	1.0	0.0	0.0	0.0	
"10/26/04"	"F90"	"N127DC"	"ZZV-CMH-LEX"	1.3	0	0	0.0	0.0	0	0.0	0.0	1.3	0.0	0.5	0.8	0.0	0.0	
"10/27/04"	"F90"	"N127DC"	"LEX-CMH-ZZV"	1.2	1	0	0.0	0.0	0	0.0	0.0	1.2	0.0	0.3	0.9	0.0	0.0	
"11/03/04"	"F90"	"N127DC"	"ZZV-CMH-HTS-CMH-ZZV"	1.9	1	0	0.0	0.0	0	0.0	0.0	1.9	0.0	0.7	1.7	0.0	0.0	
"11/07/04"	"C172P"	"N98508"	"ZZV-ZZV"	0.4	1	0	0.0	0.0	0	0.0	0.0	0.0	0.0	0.4	0.0	0.0	0.0	
"11/11/04"	"C172P"	"N98508"	"ZZV-CMH-ZZV"	1.6	2	0	1.4	0.0	2	0.0	0.0	0.0	0.0	1.6	0.0	0.0	0.0	
"11/16/04"	"C172P"	"N98508"	"ZZV-ZZV"	0.4	1	0	0.0	0.0	0	0.0	0.0	0.0	0.0	0.4	0.0	0.0	0.0	
"11/19/04"	"C550"	"N127JJ"	"ZZV-FTW-SSF-ZZV"	7.5	1	0	0.0	0.0	0	0.0	0.0	7.5	0.0	0.0	7.5	0.0	0.0	
"11/21/04"	"C172P"	"N98508"	"ZZV-ZZV"	0.5	1	0	0.0	0.0	0	0.0	0.0	0.0	0.0	0.5	0.0	0.0	0.0	
"11/22/04"	"F90"	"N127DC"	"ZZV-CMH-ZZV"	0.9	1	0	0.3	0.0	1	0.0	0.0	0.0	0.0	0.9	0.0	0.0	0.0	
"11/27/04"	"C172P"	"N98508"	"ZZV-ZZV"	0.8	1	0	0.0	0.0	0	0.0	0.0	0.0	0.0	0.8	0.0	0.0	0.0	
"12/02/04"	"B200"	"N127MJ"	"ZZV-AOH-EFT-BIE"	4.0	1	0	0.0	0.1	1	0.0	0.0	4.0	0.0	0.8	3.2	0.0	0.0	
"12/04/04"	"B200"	"N127MJ"	"BIE-AOH-ZZV"	2.7	1	0	0.0	0.0	0	0.0	0.0	2.7	0.0	0.6	2.1	0.0	0.0	
"12/08/04"	"PA30"	"N7453Y"	"ZZV-ZZV"	1.3	0	0	0.0	0.0	0	0.0	0.0	0.0	0.0	0.0	1.3	0.0	0.0	
"12/08/04"	"B200"	"N127MJ"	"ZZV-CAK-RDG-CAK-ZZV"	3.4	1	1	0.1	0.2	1	0.0	2.9	3.4	0.0	1.0	2.4	0.0	0.0	
"01/04/05"	"F90"	"N127DC"	"ZZV-ISM"	3.0	0	0	0.0	0.0	0	0.0	0.0	3.0	0.0	3.0	0.0	0.0	0.0	
"01/04/05"	"C550"	"N127JJ"	"ISM-APF-VTA-ZZV"	3.8	0	0	0.0	0.0	0	0.0	0.0	3.8	0.0	0.0	3.8	0.0	0.0	
"01/07/05"	"C172P"	"N98508"	"ZZV-ZZV"	0.8	1	0	0.0	0.0	0	0.0	0.0	0.0	0.0	0.8	0.0	0.0	0.0	
"01/12/05"	"F90"	"N127DC"	"ZZV-ROA-CMH-ZZV"	2.5	0	1	0.0	0.0	0	0.0	0.5	2.5	0.0	1.2	1.3	0.0	0.0	
"01/15/05"	"C172L"	"N123ZA"	"ZZV-ZZV"	0.5	1	0	0.0	0.0	0	0.0	0.0	0.0	0.0	0.5	0.0	0.0	0.0	
"02/04/05"	"C550"	"N127JJ"	"ZZV-CMH-APF"	2.9	0	0	0.0	0.0	0	0.0	0.0	2.9	0.0	0.0	2.9	0.0	0.0	
"02/09/05"	"C90A"	"N90PR"	"ZZV-CMH-ZZV-MDT-ZZV"	3.3	1	1	1.3	0.0	2	0.0	0.5	3.3	0.0	3.3	0.0	3.3	0.0	
"02/12/05"	"C172P"	"N98508"	"ZZV-ZZV"	0.4	1	0	0.0	0.0	0	0.0	0.0	0.0	0.0	0.4	0.0	0.0	0.0	
"02/12/05"	"C172P"	"N98508"	"ZZV-ZZV"	0.4	1	0	0.0	0.0	0	0.0	0.0	0.0	0.0	0.4	0.0	0.0	0.0	
"02/12/05"	"C172P"	"N98508"	"ZZV-ZZV"	0.6	1	0	0.0	0.0	0	0.0	0.0	0.0	0.0	0.6	0.0	0.0	0.0	
"02/16/05"	"F90"	"N127DC"	"ZZV-ROA-CMH-ZZV"	2.6	0	2	0.0	0.0	0	0.0	2.6	2.6	0.0	1.3	1.3	0.0	0.0	
"02/22/05"	"C172P"	"N98508"	"ZZV-VTA-ZZV"	0.8	2	0	0.0	0.0	0	0.0	0.0	0.0	0.0	0.8	0.0	0.0	0.0	
"02/22/05"	"F90"	"N127DC"	"ZZV-LAN-CMH-ZZV"	2.7	1	0	0.2	0.0	0	0.0	0.0	2.7	0.0	1.6	1.1	0.0	0.0	
"02/27/05"	"F90"	"N127DC"	"ZZV-ROA-CMH-ZZV"	2.5	2	0	0.0	0.0	0	0.0	0.0	2.5	0.0	1.3	1.2	0.0	0.0	
"03/04/05"	"B200"	"N127MJ"	"ZZV-PPO-IND-ZZV"	2.9	0	1	0.8	0.0	1	0.0	1.0	2.9	0.0	1.0	1.9	0.0	0.0	
"03/10/05"	"C172P"	"N98508"	"ZZV-CMH-ZZV"	1.4	2	0	0.0	0.0	0	0.0	0.0	1.4	0.0	1.4	0.0	0.0	0.0	
"03/14/05"	"C172P"	"N98508"	"ZZV-ZZV"	1.5	1	0	0.0	0.0	0	0.0	0.0	1.5	0.0	1.5	0.0	0.0	0.0	
"03/16/05"	"B200"	"N127MJ"	"ZZV-CMH-PNE-CMH-ZZV"	4.0	2	0	0.0	0.0	0	0.0	0.0	4.0	0.0	0.8	3.2	0.0	0.0	
"03/18/05"	"C172L"	"N123ZA"	"ZZV-CMH"	0.8	1	0	0.0	0.0	0	0.0	0.0	0.8	0.0	0.8	0.0	0.0	0.0	
"03/19/05"	"C172L"	"N123ZA"	"CMH-ZZV"	0.4	1	0	0.0	0.0	0	0.0	0.0	0.4	0.0	0.4	0.0	0.0	0.0	
"03/24/05"	"F90"	"N127DC"	"ZZV-ROA-BWI-CMH-ZZV"	4.1	1	1	0.0	0.0	0	0.0	0.1	4.1	0.0	4.1	0.0	0.0	0.0	
"04/06/05"	"PA30"	"N7453Y"	"ZZV-ZZV"	1.4	0	0	0.0	0.0	0	0.0	0.0	0.0	0.0	0.0	1.4	0.0	0.0	
"04/06/05"	"BE200"	"N360X"	"ZZV-BKW-CAK-ZZV"	1.9	0	0	0.0	0.0	0	0.0	0.0	1.9	0.0	1.9	0.0	0.0	0.0	
"04/11/05"	"C550"	"N127JJ"	"ZZV-GSO-CAK-ZZV"	2.8	1	0	0.0	0.0	0	0.0	0.0	2.8	0.0	0.0	2.8	0.0	0.0	
"04/15/05"	"B200"	"N127MJ"	"ZZV-CMH-HTS-CMH-ZZV"	1.9	2	0	0.0	0.0	0	0.0	0.3	1.9	0.0	0.7	1.2	0.0	0.0	
"04/15/05"	"F90"	"N127DC"	"ZZV-IND-SBN-VPZ-SBN-IND-ZZV"	4.2	0	1	0.0	0.0	0	0.0	1.8	4.2	0.0	1.1	3.1	0.0	0.0	
"04/26/05"	"F90"	"N127DC"	"ZZV-CMH-IND-ZZV"	2.2	0	1	0.1	0.0	1	0.0	1.9	2.2	0.0	1.3	0.9	0.0	0.0	
"05/02/05"	"F90"	"N127DC"	"ZZV-ROA-CMH-ZZV"	2.5	2	0	0.0	0.0	0	0.0	0.0	2.5	0.0	1.3	1.2	0.0	0.0	
"05/04/05"	"C172L"	"N123ZA"	"ZZV-CMH-ZZV"	1.5	2	0	0.0	0.0	0	0.0	0.0	0.0	0.0	1.5	0.0	0.0	0.0	
"05/07/05"	"C172P"	"N98508"	"ZZV-ZZV"	0.5	1	0	0.0	0.0	0	0.0	0.0	0.0	0.0	0.5	0.0	0.0	0.0	
"05/15/05"	"C177B"	"N20180"	"ZZV-ZZV"	1.0	5	0	0.0	0.0	0	0.0	0.0	0.0	0.0	1.0	0.0	0.0	0.0	
"05/16/05"	"F90"	"N127DC"	"ZZV-ROA-CMH-ZZV"	2.5	0	2	0.0	0.0	0	0.0	2.5	2.5	0.0	1.3	1.2	0.0	0.0	
"05/18/05"	"C177B"	"N20180"	"ZZV-PHD-ZZV"	1.0	2	0	0.0	0.0	0	0.0	0.0	0.0	0.0	1.0	0.0	0.0	0.0	
"05/18/05"	"C172P"	"N98508"	"ZZV-ZZV"	0.5	1	0	0.0	0.0	0	0.0	0.0	0.0	0.0	0.5	0.0	0.0	0.0	
"05/21/05"	"C177B"	"N20180"	"ZZV-LOU-ZZV"	4.0	0	0	0.0	0.0	0	0.0	0.0	4.0	0.0	4.0	0.0	0.0	0.0	
"05/23/05"	"B200"	"N127MJ"	"ZZV-IND-VPZ-IND-ZZV"	3.4	2	0	0.1	0.0	0	0.0	0.0	3.4	0.0	1.2	1.2	0.0	0.0	
"05/25/05"	"F90"	"N127DC"	"ZZV-CMH-LAN-ZZV"	2.4	2	0	0.2	0.0	0	0.0	0.0	2.4	0.0	1.4	1.0	0.0	0.0	
"06/07/05"	"F90"	"N127DC"	"ZZV-MDT-ZZV-MDT-ZZV"	4.6	1	0	0.2	0.0	1	0.0	0.0	4.6	0.0	2.5	2.1	0.0	0.0	
"06/08/05"	"F90"	"N127DC"	"ZZV-CMH-ROA-CMH-ZZV"	2.9	1	1	0.1	0.0	1	0.0	1.5	2.9	0.0	0.8	2.1	0.0	0.0	
"06/14/05"	"B200"	"N127MJ"	"CMH-ZZV"	0.5	1	0	0.2	0.0	1	0.0	0.0	0.0	0.0	0.5	0.0	0.0	0.0	
"06/17/05"	"C310R"	"N626TM"	"ZZV-CAK-ARB-ZZV"	2.8	2	0	0.0	0.0	0	0.0	0.0	2.8	0.0	1.7	1.1	0.0	0.0	
"06/20/05"	"F90"	"N127DC"	"ZZV-CMH-DFI-CMH-ZZV"	2.1	2	0	0.0	0.0	0	0.0	0.0	2.1	0.0	0.6	1.5	0.0	0.0	
"06/20/05"	"F90"	"N127DC"	"ZZV-MDT-CMH-ZZV"	3.2	2	0	0.2	0.0	0	0.0	0.0	3.2	0.0	1.6	1.6	0.0	0.0	
"06/22/05"	"F90"	"N127DC"	"ZZV-CMH-ROA-ZZV"	2.4	2	0	0.1	0.0	0	0.0	0.0	2.4	0.0	1.3	1.1	0.0	0.0	
"06/23/05"	"F90"	"N127DC"	"ZZV-ROA-CMH-ZZV"	2.5	2	0	0.1	0.0	0	0.0	0.0	2.5	0.0	1.5	1.0	0.0	0.0	
"06/25/05"	"C172P"	"N98508"	"ZZV-ZZV"	0.2	1	0	0.0	0.0	0	0.0	0.0	0.0	0.0	0.2	0.0	0.0	0.0	
"06/27/05"	"C172P"	"N98508"	"ZZV-ZZV"	0.8	1	0	0.0	0.0	0	0.0	0.0	0.0	0.0	0.8	0.0	0.0	0.0	
"07/05/05"	"C310R"	"N626TM"	"ZZV-IPT-ZZV"	3.0	0	0	0.0	0.0	0	0.0	0.0	3.0	0.0	0.0	3.0	0.0	0.0	
"07/07/05"	"B200"	"N127MJ"	"ZZV-DAY-ZZV"	1.3	2	0	0.1	0.0	0	0.0	0.0	1.3	0.0	1.3	0.0	0.0	0.0	
"07/19/05"	"F90"	"N127DC"	"ZZV-IND-FWA-IND-ZZV"	3.3	0	2	0.3	0.0	1	0.0	3.3	3.3	0.0	3.3	0.0	0.0	0.0	
"07/27/05"	"F90"	"N127DC"	"ZZV-LWB-CMH"	1.9	1	0	0.2	0.0	1	0.0	0.0	1.9	0.0	0.8	1.1	0.0	0.0	
"07/27/05"	"B200"	"N127MJ"	"CMH-ZZV"	0.4	1	0	0.1	0.0	0	0.0	0.0	0.0	0.0	0.4	0.0	0.0	0.0	
"08/10/05"	"B200"	"N127MJ"	"ZZV-CAK-N23-CAK-ZZV"	3.2	0	0	0.0	0.0	0	0.0	0.0	3.2	0.0	0.0	3.2	0.0	0.0	
"08/17/05"	"F90"	"N127DC"	"ZZV-IND-VPZ-IND-ZZV"	3.0	0	0	0.0	0.0	0	0.0	0.0	3.0	0.0	0.0	3.0	0.0	0.0	
"08/24/05"	"B200"	"N127MJ"	"ZZV-CMH-ROA-ZZV"	2.7	0	0	0.0	0.0	0	0.0	0.0	2.7	0.0	0.0	2.7	0.0	0.0	
"08/31/05"	"F90"	"N127DC"	"ZZV-CMH-ROA-CMH-ZZV"	3.2	0	0	0.0	0.0	0	0.0	0.0	3.2	0.0	0.0	3.2	0.0	0.0	
"09/02/05"	"C172L"	"N123ZA"	"ZZV-ZZV"	0.4	1	0	0.0	0.0	0	0.0	0.0	0.0	0.0	0.4	0.0	0.0	0.0	
"09/03/05"	"F90"	"N127DC"	"ZZV-IND-EVV-IND-ZZV"	3.8	0	0	0.0	0.0	0	0.0	3.8	3.8	0.0	0.0	3.8	0.0	0.0	
"09/07/05"	"B200"	"N127MJ"	"ZZV-CMH-ROA-CMH-ZZV"	3.1	0	0	0.0	0.0	0	0.0	1.6	3.1	0.0	0.0	3.1	0.0	0.0	
"09/11/05"	"B200"	"N127MJ"	"ZZV-HSP-LHQ-ZZV"	2.3	0	0	0.0	0.0	0	0.0	0.0	2.3	0.0	0.0	2.3	0.0	0.0	
"09/13/05"	"C172P"	"N98508"	"ZZV-ZZV"	0.5	1	0	0.0	0.0	0	0.0	0.0	0.0	0.0	0.5	0.0	0.0	0.0	
"09/16/05"	"B200"	"N363EA"	"ZZV-TOL"	0.8	1	0	0.3	0.0	1	0.0	0.0	0.8	0.0	0.8	0.0	0.0	0.0	
"09/16/05"	"C310R"	"N626TM"	"TOL-ZZV"	1.0	1	0	0.5	0.0	0	0.0	0.0	1.0	0.0	1.0	0.0	0.0	0.0	
"09/17/05"	"B200"	"N127MJ"	"ZZV-OFP-CMH-ZZV"	3.2	1	1	0.0	0.0	0	0.0	0.7	3.2	0.0	1.5	1.7	0.0	0.0	
"09/21/05"	"B200"	"N127MJ"	"ZZV-MDT-PIT-CRW-ZZV"	4.1	1	1	0.0	0.0	0	0.0	0.1	4.1	0.0	1.9	2.2	0.0	0.0	
"09/24/05"	"B200"	"N127MJ"	"ZZV-IND-FWA-IND-ZZV"	3.7	1	1	0.5	0.0	1	0.0	1.2	3.7	0.0	2.3	1.4	0.0	0.0	
"09/28/05"	"F90"	"N127DC"	"ZZV-BWI-ROA-CMH-ZZV"	4.1	0	1	0.0	0.0	0	0.0	1.6	4.1	0.0	0.4	3.7	0.0	0.0	
"10/02/05"	"F90"	"N127DC"	"ZZV-IND-FWA-SBN-IND-ZZV"	4.3	1	1	0.2	0.0	0	0.0	1.9	4.3	0.0	2.2	2.1	0.0	0.0	
"10/03/05"	"B200"	"N127MJ"	"ZZV-I40-MNN-ZZV"	1.4	2	0	0.0	0.0	0	0.0	0.0	1.4	0.0	0.9	0.5	0.0	0.0	
"10/04/05"	"B200"	"N127MJ"	"ZZV-CAK-PWK"	2.1	1	1	0.0	0.0	0	0.0	0.4	2.1	0.0	0.0	2.1	0.0	0.0	
"10/05/05"	"B200"	"N127MJ"	"PWK-CAK-ZZV"	2.0	0	0	0.0	0.0	0	0.0	0.0	2.0	0.0	0.0	2.0	0.0	0.0	
"10/06/05"	"C172L"	"N123ZA"	"ZZV-CMH-ZZV"	1.6	2	0	0.0	0.0	0	0.0	0.0	0.0	0.0	1.6	0.0	0.0	0.0	
"10/11/05"	"F90"	"N127DC"	"ZZV-CMH-TYQ-ZZV"	2.9	1	1	0.2	0.0	2	0.0	1.2	2.9	0.0	1.9	1.0	0.0	0.0	
"10/19/05"	"B200"	"N127MJ"	"ZZV-CMH-LWB-ROA-CMH-ZZV"	3.4	1	1	0.0	0.0	0	0.0	1.6	3.4	0.0	1.0	2.4	0.0	0.0	
"10/20/05"	"F90"	"N127DC"	"ZZV-CMH-FWA-CMH-ZZV"	2.5	1	1	1.0	0.0	0	0.0	2.0	2.5	0.0	1.5	1.0	0.0	0.0	
"10/26/05"	"F90"	"N127DC"	"ZZV-IND-VPZ-IND-ZZV"	3.6	0	1	0.0	0.0	0	0.0	3.6	3.6	0.0	2.2	1.4	0.0	0.0	
"10/29/05"	"F90"	"N127DC"	"ZZV-IND-VPZ-IND-ZZV"	3.6	0	1	0.0	0.0	0	0.0	3.6	3.6	0.0	1.1	2.5	0.0	0.0	
"11/05/05"	"B200"	"N127MJ"	"ZZV-IND-EVV-IND-ZZV"	2.6	1	0	0.2	0.0	0	0.0	0.0	2.6	0.0	1.0	1.6	0.0	0.0	
"11/07/05"	"B200"	"N127MJ"	"ZZV-CAK-SUA-ZZV"	7.3	1	1	0.5	0.0	0	0.0	3.3	7.3	0.0	4.0	3.3	0.0	0.0	
"11/10/05"	"F90"	"N127DC"	"ZZV-IND-EVV-IND-EVV-ZZV"	4.1	1	1	0.0	0.0	0	0.0	2.2	4.1	0.0	2.7	1.4	0.0	0.0	
"11/11/05"	"F90"	"N127DC"	"ZZV-PHF-ROA-CMH-ZZV"	4.1	0	2	0.0	0.0	0	0.0	4.1	4.1	0.0	1.8	2.3	0.0	0.0	
"11/16/05"	"B200"	"N127MJ"	"ZZV-TOL-CMH-TOL-CMH-TOL-ZZV"	3.8	0	1	0.5	0.0	0	0.0	1.5	3.8	0.0	0.7	3.1	0.0	0.0	
"11/19/05"	"B200"	"N127MJ"	"ZZV-LEX-PAH-LEX-JVY-ZZV"	4.7	1	1	0.0	0.0	0	0.0	0.9	4.7	0.0	2.0	2.7	0.0	0.0	
"11/23/05"	"B200"	"N127MJ"	"ZZV-CMH-ROA-RDU-ZZV"	4.2	1	1	0.5	0.0	1	0.0	2.6	0.0	0.0	2.4	1.8	0.0	0.0	
"11/26/05"	"F90"	"N127DC"	"ZZV-IND-EVV-IND-EVV-IND-ZZV"	5.0	1	1	0.8	0.0	0	0.0	2.8	5.0	0.0	2.3	2.7	0.0	0.0	
"11/30/05"	"F90"	"N127DC"	"ZZV-CMH-ROA-CMH-ZZV"	3.2	1	1	0.3	0.0	1	0.0	1.5	3.2	0.0	0.9	2.3	0.0	0.0	
"12/02/05"	"F90"	"N127DC"	"ZZV-LEX-HTS-LEX-HTS-LEX-ZZV"	5.1	1	1	0.5	0.0	1	0.0	1.2	5.1	0.0	2.3	2.8	0.0	0.0	
"12/05/05"	"B200"	"N127MJ"	"ZZV-GAS-PIT-GAS-ZZV"	2.7	0	1	0.3	0.0	0	0.0	1.4	2.7	0.0	0.5	2.2	0.0	0.0	
"12/11/05"	"B200"	"N127MJ"	"ZZV-CAK"	0.7	0	1	0.5	0.0	0	0.0	0.7	0.7	0.0	0.7	0.0	0.0	0.0	
"12/12/05"	"B200"	"N127MJ"	"CAK-RDG-CAK-ZZV"	3.2	1	0	0.0	0.0	0	0.0	1.2	3.2	0.0	0.6	2.6	0.0	0.0	
"12/16/05"	"B200"	"N127MJ"	"ZZV-CMH-HTS-CMH-ZZV"	2.5	1	1	0.2	0.0	0	0.0	1.2	2.5	0.0	1.1	1.4	0.0	0.0	
"12/18/05"	"F90"	"N127DC"	"ZZV-IND-FWA-VPZ-IND-ZZV"	4.4	1	1	0.3	0.0	0	0.0	2.5	4.4	0.0	2.3	2.1	0.0	0.0	
"12/20/05"	"B200"	"N127MJ"	"ZZV-BKL-TEB-ZZV"	4.1	0	2	0.0	0.0	0	0.0	4.1	4.1	0.0	2.5	1.6	0.0	0.0	
"12/21/05"	"B200"	"N127MJ"	"ZZV-CMH-ROA-CMH-ZZV"	3.2	1	1	0.2	0.0	0	0.0	1.5	3.2	0.0	0.9	2.3	0.0	0.0	
"12/22/05"	"F90"	"N127DC"	"ZZV-IND-FWA-GSH-IND"	3.1	0	1	0.0	0.0	0	0.0	3.1	3.1	0.0	1.2	1.9	0.0	0.0	
"01/04/06"	"F90"	"N127DC"	"ZZV-ROA-ZZV"	2.4	1	0	0.2	0.0	0	0.0	0.0	2.4	0.0	1.2	1.2	0.0	0.0	
"01/06/06"	"B200"	"N127MJ"	"ZZV-JVY-HTS-JVY-ZZV"	4.3	1	1	0.4	0.0	0	0.0	4.0	4.3	0.0	2.4	1.9	0.0	0.0	
"01/11/06"	"F90"	"N127DC"	"ZZV-CMH-MDT-THV-CMH"	4.5	1	1	0.2	0.0	1	0.0	2.7	4.5	0.0	0.6	3.9	0.0	0.0	
"01/13/06"	"F90"	"N127DC"	"ZZV-IND-FWA-EKM-IND-ZZV"	4.5	1	1	1.8	0.0	1	0.0	1.9	4.5	0.0	2.4	2.1	0.0	0.0	
"01/19/06"	"C172P"	"N98508"	"ZZV-DAY"	1.8	3	0	0.0	0.0	0	0.0	0.0	1.8	0.0	1.8	0.0	0.0	0.0	
"01/20/06"	"B200"	"N127MJ"	"ZZV-CMH-HTS-CMH-ZZV"	2.3	1	1	0.3	0.0	0	0.0	1.1	2.3	0.0	1.0	1.3	0.0	0.0	
"01/23/06"	"B200"	"N127MJ"	"ZZV-LEX-HTS-LEX-HTS-LEX-ZZV"	4.3	1	1	0.5	0.0	1	0.0	0.8	4.3	0.0	1.4	2.9	0.0	0.0	
"01/28/06"	"F90"	"N127DC"	"ZZV-LAN-CMH"	2.2	1	0	0.3	0.0	0	0.0	0.0	2.2	0.0	1.1	1.1	0.0	0.0	
"02/01/06"	"F90"	"N127DC"	"ZZV-CMH-ROA-CMH-ZZV"	3.1	1	1	0.3	0.0	0	0.0	1.7	3.1	0.0	0.9	2.2	0.0	0.0	
"02/03/06"	"F90"	"N127DC"	"ZZV-IND-SBN-IND-ZZV"	4.0	0	2	1.0	0.0	1	0.0	2.7	4.0	0.0	2.4	1.6	0.0	0.0	
"02/07/06"	"B200"	"N127MJ"	"ZZV-IND-FWA-IND-ZZV"	3.4	1	1	0.3	0.0	0	0.0	1.7	3.4	0.0	2.0	1.4	0.0	0.0	
"02/09/06"	"C172P"	"N98508"	"ZZV-ZZV"	0.4	1	0	0.0	0.0	0	0.0	0.0	0.0	0.0	0.4	0.0	0.0	0.0	
"02/14/06"	"F90"	"N127DC"	"ZZV-IND-EVV-IND-ZZV"	3.8	1	1	0.0	0.0	0	0.0	2.1	3.8	0.0	2.2	1.6	0.0	0.0	
"02/15/06"	"B200"	"N127MJ"	"ZZV-OSU-CNB9-CMH-ROA-ZZV-IND-FWA-SBN-IND-ZZV"	10.0	1	1	0.0	0.0	0	0.0	2.3	10.0	0.0	5.6	4.4	0.0	0.0	
"02/16/06"	"F90"	"N127DC"	"ZZV-IND-SBN-FWA-IND-SBN-IND-ZZV"	4.0	0	1	0.0	0.0	0	0.0	1.1	4.0	0.0	1.1	2.9	0.0	0.0	
"02/20/06"	"F90"	"N127DC"	"ZZV-HFY-ZZV"	2.1	0	0	0.0	0.0	0	0.0	0.0	2.1	0.0	0.0	2.1	0.0	0.0	
"03/01/06"	"B200"	"N127MJ"	"ZZV-OSU-CYXU-CNB9"	2.3	1	0	0.0	0.0	0	0.0	0.0	2.3	0.0	0.5	1.8	0.0	0.0	
"03/02/06"	"B200"	"N127MJ"	"CYXU-CNB9"	0.7	0	0	0.0	0.0	0	0.0	0.0	0.7	0.0	0.0	0.7	0.0	0.0	
"03/03/06"	"B200"	"N127MJ"	"CNB9-CAK-OSU-ZZV"	2.3	1	0	0.4	0.0	0	0.0	0.0	2.3	0.0	0.5	1.8	0.0	0.0	
"03/05/06"	"C172P"	"N98508"	"ZZV-W22"	1.1	1	0	0.0	0.0	0	0.0	0.0	1.1	0.0	1.1	0.0	0.0	0.0	
"03/05/06"	"C310R"	"N626TM"	"W22-ZZV"	0.6	1	0	0.0	0.0	0	0.0	0.0	0.6	0.0	0.6	0.0	0.0	0.0	
"03/06/06"	"F90"	"N127DC"	"ZZV-OSU-AGC"	1.4	1	0	0.2	0.0	1	0.0	0.0	1.4	0.0	0.5	0.9	0.0	0.0	
"03/07/06"	"F90"	"N127DC"	"AGC-OSU-ZZV"	1.5	1	0	0.0	0.0	0	0.0	0.0	1.5	0.0	0.6	0.9	0.0	0.0	
"03/15/06"	"F90"	"N127DC"	"ZZV-CMH-ROA-CMH-ZZV"	3.2	1	1	0.1	0.0	0	0.0	1.8	3.2	0.0	0.9	2.3	0.0	0.0	
"03/17/06"	"B200"	"N127MJ"	"ZZV-CMH-HTS-CMH-ZZV"	2.4	1	1	0.1	0.0	0	0.0	0.5	2.4	0.0	1.0	1.4	0.0	0.0	
"03/19/06"	"B200"	"N127MJ"	"ZZV-JVY-HTS-LEX-JVY-ZZV"	4.3	1	1	0.0	0.0	0	0.0	2.0	4.3	0.0	2.3	2.0	0.0	0.0	
"03/20/06"	"C550"	"N127JJ"	"ZZV-APF-ZZV"	5.7	0	0	0.0	0.0	0	0.0	1.2	5.7	0.0	0.0	5.7	0.0	0.0	
"03/21/06"	"B200"	"N127MJ"	"ZZV-IND-EVV-IND-ZZV"	3.8	0	2	0.3	0.0	0	0.0	3.3	3.8	0.0	2.3	1.5	0.0	0.0	
"03/22/06"	"B200"	"N127MJ"	"ZZV-EVV-IND-ZZV"	3.3	0	2	0.1	0.0	0	0.0	3.3	3.3	0.0	2.6	0.7	0.0	0.0	
"03/27/06"	"B200"	"N127MJ"	"ZZV-APF-ZZV"	7.0	0	0	0.0	0.0	0	0.0	3.7	7.0	0.0	0.0	7.0	0.0	0.0	
"04/06/06"	"C172P"	"N98508"	"W22-ZZV"	1.4	1	0	0.0	0.0	0	0.0	0.0	1.4	0.0	1.4	0.0	0.0	0.0	
"04/08/06"	"B200"	"N119MC"	"ZZV-CMH0RDU-CMH-ZZV"	4.1	1	1	0.2	0.0	0	0.0	0.5	4.1	0.0	0.9	3.2	0.0	0.0	
"04/14/06"	"B200"	"N127MJ"	"ZZV-ZZV"	0.3	1	0	0.0	0.2	1	0.0	0.0	0.0	0.0	0.3	0.0	0.0	0.0	
"04/19/06"	"B200"	"N119MC"	"ZZV-CRW-PHL"	2.3	1	0	0.0	0.0	0	0.0	0.0	2.3	0.0	0.6	1.7	0.0	0.0	
"04/20/06"	"B200"	"N119MC"	"PHL-CRW-ZZV"	2.1	1	0	0.0	0.0	0	0.0	0.0	2.1	0.0	0.7	1.4	0.0	0.0	
"04/23/06"	"B200"	"N127MJ"	"ZZV-CGF-ROC-CGF-ZZV"	3.9	2	0	0.4	0.0	1	0.0	0.0	3.9	0.0	1.5	2.4	0.0	0.0	
"04/25/06"	"B200"	"N127MJ"	"ZZV-OSU-CNB9"	1.9	1	0	0.0	0.0	0	0.0	0.0	1.9	0.0	0.5	1.4	0.0	0.0	
"04/26/06"	"B200"	"N127MJ"	"CNB9-CAK-OSU-ZZV"	2.4	1	0	0.0	0.0	0	0.0	0.0	2.4	0.0	0.5	1.9	0.0	0.0	
"04/27/06"	"B200"	"N127MJ"	"ZZV-CAK-RDG-MMU-CAK-ZZV"	4.6	0	1	0.0	0.0	0	0.0	0.6	4.6	0.0	1.1	3.5	0.0	0.0	
"05/02/06"	"B200"	"N127MJ"	"ZZV-TEB-ZZV"	3.4	1	0	0.3	0.0	0	0.0	0.0	3.4	0.0	3.4	0.0	0.0	0.0	
"05/04/06"	"B200"	"N127MJ"	"ZZV-1G5-PTK-DAY-1G5-PTK-ZZV"	5.0	6	0	0.3	0.0	0	0.0	2.6	5.0	0.0	1.5	3.5	0.0	0.0	
"05/05/06"	"B200"	"N127MJ"	"ZZV-MDW-ZZV"	3.4	2	0	0.2	0.0	0	0.0	0.0	3.4	0.0	2.2	1.2	0.0	0.0	
"05/06/06"	"B200"	"N127MJ"	"ZZV-CMH-RIC"	1.9	1	0	0.1	0.0	0	0.0	0.0	1.9	0.0	0.4	1.5	0.0	0.0	
"05/07/06"	"B200"	"N127MJ"	"RIC-CMH-ZZV"	2.0	1	0	0.1	0.0	0	0.0	0.0	2.0	0.0	0.5	1.5	0.0	0.0	
"05/08/06"	"C172P"	"N98508"	"ZZV-ZZV"	0.4	1	0	0.0	0.0	0	0.0	0.0	0.0	0.0	0.4	0.0	0.0	0.0	
"05/09/06"	"B200"	"N127MJ"	"ZZV-CMH-DPA-CMH-ZZV"	3.8	2	0	0.1	0.0	0	0.0	0.0	3.8	0.0	1.0	2.8	0.0	0.0	
"05/10/06"	"B200"	"N127MJ"	"ZZV-CMH-ROA-CMH-ZZV"	3.3	1	1	0.1	0.0	1	0.0	1.6	3.3	0.0	0.9	2.4	0.0	0.0	
"05/14/06"	"B200"	"N127MJ"	"ZZV-CMH-ROA-CMH-ZZV"	3.3	2	0	0.4	0.0	0	0.0	0.0	3.3	0.0	1.0	2.3	0.0	0.0	
"05/15/06"	"C310R"	"N626TM"	"ZZV-CMH-ZZV"	0.7	1	0	0.2	0.0	0	0.0	0.0	0.7	0.0	0.7	0.0	0.0	0.0	
"05/16/06"	"B200"	"N127MJ"	"ZZV-PNE-UNI-LHQ-ZZV"	4.1	2	0	0.3	0.0	0	0.0	0.0	4.1	0.0	1.9	2.2	0.0	0.0	
"05/17/06"	"C172L"	"N123ZA"	"ZZV-OSU"	0.9	1	0	0.0	0.0	0	0.0	0.0	0.9	0.0	0.9	0.0	0.0	0.0	
"05/19/06"	"B200"	"N127MJ"	"ZZV-CMH-HTS-CMH-ZZV"	2.4	1	1	0.2	0.0	0	0.0	0.5	2.4	0.0	1.0	1.4	0.0	0.0	
"05/20/06"	"B200"	"N119MC"	"ZZV-CMH-TOL-CMH-ZZV"	2.8	0	0	0.0	0.0	0	0.0	1.3	0.0	0.0	0.0	2.8	0.0	0.0	
"05/22/06"	"C172P"	"N98508"	"ZZV-ZZV"	0.5	1	0	0.0	0.0	0	0.0	0.0	0.0	0.0	0.5	0.0	0.0	0.0	
"05/23/06"	"F90"	"N127DC"	"ZZV-YNG-LEX-YNG-ZZV"	4.3	2	0	0.0	0.0	0	0.0	0.0	4.3	0.0	1.6	2.7	0.0	0.0	
"05/30/06"	"F90"	"N127DC"	"ZZV-CMH-IND-ZZV"	2.5	2	0	0.0	0.0	0	0.0	0.0	2.5	0.0	1.5	1.0	0.0	0.0	
"06/02/06"	"B200"	"N127MJ"	"ZZV-CAK-3I2-CAK-ZZV"	3.0	1	1	0.0	0.0	0	0.0	0.6	3.0	0.0	1.3	1.7	0.0	0.0	
"06/05/06"	"B200"	"N127MJ"	"ZZV-OSU-CNB9-CMH-OSU-ZZV"	4.3	2	0	0.0	0.0	0	0.0	0.0	4.3	0.0	1.0	3.3	0.0	0.0	
"06/07/06"	"B200"	"N127MJ"	"ZZV-IND-JVY-IND-ZZV"	3.5	0	0	0.0	0.0	0	0.0	1.8	3.5	0.0	0.0	3.5	0.0	0.0	
"06/09/06"	"C172P"	"N98508"	"ZZV-ZZV"	0.5	1	0	0.0	0.0	0	0.0	0.0	0.0	0.0	0.5	0.0	0.0	0.0	
"06/14/06"	"F90"	"N127DC"	"ZZV-OSU-CYXU-CNB9"	2.3	1	0	0.0	0.0	0	0.0	0.0	2.3	0.0	0.6	1.7	0.0	0.0	
"06/16/06"	"F90"	"N127DC"	"CNB9-CAK-OSU-ZZV"	2.4	1	0	0.0	0.0	0	0.0	0.0	2.4	0.0	0.6	1.8	0.0	0.0	
"06/19/06"	"F90"	"N127DC"	"ZZV-ZZV"	0.8	1	0	0.0	0.5	3	0.0	0.0	0.0	0.0	0.8	0.0	0.0	0.0	"PT135 ANNUAL SIC CHECKRIDE"
"06/21/06"	"F90"	"N127DC"	"ZZV-CAK-JBN-ZZV"	5.1	1	0	0.0	0.0	0	0.0	0.0	5.1	0.0	2.8	2.3	0.0	0.0	
"06/22/06"	"F90"	"N127DC"	"ZZV-JBN-CAK-ZZV"	6.2	0	0	0.0	0.0	0	0.0	0.0	6.2	0.0	0.0	6.2	0.0	0.0	
"06/26/06"	"B200"	"N119MC"	"ZZV-PKB-ILG-PKB-ZZV"	4.2	4	0	0.0	0.0	0	0.0	0.0	4.2	0.0	0.0	4.2	0.0	0.0	
"06/28/06"	"C172P"	"N98508"	"ZZV-W22-ZZV"	2.1	2	0	0.0	0.0	0	0.0	0.0	2.1	0.0	2.1	0.0	0.0	0.0	
"06/29/06"	"B200"	"N119MC"	"ZZV-IND-EVV-IND-EVV-IND-ZZV"	5.3	1	1	0.6	0.0	0	0.0	1.0	5.3	0.0	2.9	2.4	0.0	0.0	
"07/02/06"	"B200"	"N127MJ"	"ZZV-CMH-ROA-CMH-ZZV"	3.2	1	0	0.0	0.0	0	0.0	0.0	3.2	0.0	0.8	2.4	0.0	0.0	
"07/08/06"	"B200"	"N119MC"	"ZZV-IND-EVV-IND-ZZV"	3.6	2	0	0.0	0.0	0	0.0	0.0	3.6	0.0	2.1	1.5	0.0	0.0	
"07/09/06"	"B200"	"N119MC"	"ZZV-CMH-ROA-W22"	2.2	2	0	0.3	0.0	0	0.0	0.0	0.0	0.0	1.2	1.0	0.0	0.0	
"07/09/06"	"F90"	"N127DC"	"W22-ZZV"	0.7	1	0	0.2	0.0	0	0.0	0.0	0.7	0.0	0.7	0.0	0.0	0.0	
"07/11/06"	"B200"	"N127MJ"	"ZZV-AOH-SYR"	2.6	1	0	0.3	0.0	0	0.0	0.0	2.6	0.0	1.0	1.6	0.0	0.0	
"07/12/06"	"B200"	"N127MJ"	"SYR-AOH-ZZV"	2.7	1	0	0.3	0.0	0	0.0	0.0	2.7	0.0	0.7	2.0	0.0	0.0	
"07/17/06"	"F90"	"N127DC"	"ZZV-W22"	0.7	1	0	0.0	0.0	0	0.0	0.0	0.7	0.0	0.7	0.0	0.0	0.0	
"07/17/06"	"C172P"	"N98508"	"W22-ZZV"	1.1	1	0	0.0	0.0	0	0.0	0.0	1.1	0.0	1.1	0.0	0.0	0.0	
"07/21/06"	"B200"	"N127MJ"	"ZZV-CMH-HTS-CHM-ZZV"	2.4	1	1	0.3	0.0	0	0.0	0.3	2.4	0.0	1.0	1.4	0.0	0.0	
"07/23/06"	"B200"	"N127MJ"	"ZZV-CMH-ROA-CMH-ZZV"	3.1	2	0	0.1	0.0	0	0.0	0.0	3.1	0.0	0.9	2.2	0.0	0.0	
"07/24/06"	"B200"	"N127MJ"	"ZZV-W22-ZZV"	1.4	2	0	0.0	0.0	0	0.0	0.0	1.4	0.0	1.4	0.0	0.0	0.0	
"07/28/06"	"B200"	"N119MC"	"ZZV-IND-STL-IND-ZZV"	4.4	2	0	0.2	0.0	0	0.0	1.1	4.4	0.0	2.2	2.2	0.0	0.0	
"07/30/06"	"B200"	"N119MC"	"ZZV-CMH-ROA-CMH-ZZV"	2.9	0	0	0.0	0.0	0	0.0	0.0	2.9	0.0	0.0	2.9	0.0	0.0	
"08/01/06"	"B200"	"N119MC"	"ZZV-IND-EVV-IND-ZZV"	3.7	2	0	0.0	0.0	0	0.0	0.0	3.7	0.0	2.2	1.5	0.0	0.0	
"08/02/06"	"B200"	"N119MC"	"ZZV-1G5-ILG-1G5-CAK"	3.9	1	0	0.0	0.0	0	0.0	0.0	3.9	0.0	0.4	3.5	0.0	0.0	
"08/03/06"	"B200"	"N119MC"	"CAK-SYR-GON-CAK-ZZV"	4.4	1	0	0.1	0.0	0	0.0	0.0	4.4	0.0	0.5	3.9	0.0	0.0	
"08/05/06"	"C172P"	"N98508"	"ZZV-ZZV"	0.5	1	0	0.0	0.0	0	0.0	0.0	0.0	0.0	0.5	0.0	0.0	0.0	
"08/06/06"	"B200"	"N119MC"	"ZZV-CMH-ROA-CMH-ZZV"	3.5	0	0	0.0	0.0	0	0.0	0.0	3.5	0.0	0.0	3.5	0.0	0.0	
"08/08/06"	"C172P"	"N98508"	"ZZV-ZZV"	0.5	1	0	0.0	0.0	0	0.0	0.0	0.0	0.0	0.5	0.0	0.0	0.0	
"08/09/06"	"F90"	"N127DC"	"ZZV-LEX-ZZV"	2.1	0	0	0.0	0.0	0	0.0	1.1	2.1	0.0	0.0	2.1	0.0	0.0	
"08/10/06"	"B200"	"N119MC"	"ZZV-CAK-JBR"	2.9	1	0	0.0	0.0	0	0.0	0.0	2.9	0.0	0.6	2.3	0.0	0.0	
"08/11/06"	"B200"	"N119MC"	"JBR-CAK-ZZV"	2.8	1	0	0.0	0.0	0	0.0	0.0	2.8	0.0	0.6	2.2	0.0	0.0	
"08/13/06"	"F90"	"N127DC"	"ZZV-LUK-IND-ZZV"	2.6	2	0	0.0	0.0	0	0.0	0.0	2.6	0.0	1.9	0.7	0.0	0.0	
"08/15/06"	"B200"	"N119MC"	"ZZV-AOH-ERI-AOH-ZZV"	3.5	1	1	0.0	0.0	0	0.0	0.5	3.5	0.0	1.4	2.1	0.0	0.0	
"08/17/06"	"B200"	"N119MC"	"ZZV-CLE-CYQS-CLE-ZZV"	2.7	2	0	0.0	0.0	0	0.0	0.0	2.7	0.0	1.3	1.4	0.0	0.0	
"08/18/06"	"B200"	"N127MJ"	"ZZV-CMH-HTS-CMH-ZZV"	2.2	1	1	0.2	0.0	0	0.0	0.5	2.2	0.0	0.8	1.4	0.0	0.0	
"08/22/06"	"F90"	"N127DC"	"ZZV-IND-EVV-IND-FWA-DAY-ZZV"	4.7	2	1	0.0	0.0	0	0.0	1.2	4.7	0.0	2.6	2.1	0.0	0.0	
"08/23/06"	"F90"	"N127DC"	"ZZV-W22"	0.7	1	0	0.0	0.0	0	0.0	0.0	0.7	0.0	0.7	0.0	0.0	0.0	
"08/28/06"	"B200"	"N127MJ"	"ZZV-OSU-CNB9-CAK-OSU-ZZV"	5.8	1	1	0.8	0.0	2	0.0	0.6	5.8	0.0	1.2	4.6	0.0	0.0	
"08/29/06"	"B200"	"N127MJ"	"ZZV-IND-PNK-IND-ZZV"	4.6	2	0	0.5	0.0	1	0.0	0.0	4.6	0.0	2.2	2.4	0.0	0.0	
"08/30/06"	"B200"	"N119MC"	"ZZV-CAK-MDW-ZZV"	3.6	0	0	0.0	0.0	0	0.0	1.0	3.6	0.0	0.0	3.6	0.0	0.0	
"08/31/06"	"B200"	"N127MJ"	"ZZV-YYZ-CAK-ZZV"	2.3	0	0	0.0	0.0	0	0.0	0.0	2.3	0.0	0.0	2.3	0.0	0.0	
"09/07/06"	"B200"	"N119MC"	"ZZV-IND-MGC-IND-ZZV"	3.0	0	0	0.0	0.0	0	0.0	1.6	3.0	0.0	0.0	3.0	0.0	0.0	
"09/09/06"	"B200"	"N119MC"	"ZZV-OSU-SBN-OSU-ZZV"	3.2	1	1	0.0	0.0	0	0.0	1.5	3.2	0.0	1.0	2.2	0.0	0.0	
"09/11/06"	"F90"	"N127DC"	"ZZV-IND-EVV-IND-ZZV"	4.0	1	1	0.0	0.0	0	0.0	1.2	4.0	0.0	2.4	1.6	0.0	0.0	
"09/12/06"	"B200"	"N119MC"	"ZZV-CAK-BOS"	2.6	1	0	0.3	0.0	1	0.0	0.0	2.6	0.0	0.6	2.0	0.0	0.0	
"09/13/06"	"B200"	"N119MC"	"BOS-CAK-ZZV"	2.8	1	0	0.3	0.0	1	0.0	0.0	2.8	0.0	0.5	2.3	0.0	0.0	
"09/14/06"	"F90"	"N127DC"	"ZZV-W22"	0.6	1	0	0.3	0.0	0	0.0	0.0	0.6	0.0	0.6	0.0	0.0	0.0	
"09/14/06"	"C310R"	"N626TM"	"W22-ZZV"	1.1	1	0	0.9	0.0	0	0.0	0.0	1.1	0.0	1.1	0.0	0.0	0.0	
"09/15/06"	"B200"	"N119MC"	"ZZV-CMH-ZZV"	1.1	2	0	0.7	0.0	0	0.0	0.6	1.1	0.0	1.1	0.0	0.0	0.0	"*********"
"09/17/06"	"B200"	"N119MC"	"ZZV-"	2.4	1	0	0.0	0.0	0	0.0	0.0	2.4	0.0	1.0	1.4	0.0	0.0	
"09/20/06"	"B200"	"N119MC"	"ZZV-IND-SBN-IND-ZZV"	3.8	1	1	0.2	0.0	0	0.0	0.5	3.8	0.0	2.2	1.6	0.0	0.0	
"09/22/06"	"B200"	"N119MC"	"ZZV-BMI-ZZV"	3.1	0	0	0.0	0.0	0	0.0	0.0	3.1	0.0	0.0	3.1	0.0	0.0	
"09/25/06"	"B200"	"N119MC"	"ZZV-CDI-PKB-ILG-PKB-CDI-ZZV"	4.8	2	0	0.0	0.0	0	0.0	0.0	4.8	0.0	1.0	3.8	0.0	0.0	
"09/26/06"	"B200"	"N119MC"	"ZZV-IND-EVV-IND-EVV-IND-ZZV"	5.2	2	1	0.2	0.0	0	0.0	1.0	5.2	0.0	2.9	2.3	0.0	0.0	
"09/29/06"	"C310R"	"N626TM"	"ZZV-ELM-ZZV"	3.5	1	0	0.0	0.0	0	0.0	0.0	3.5	0.0	3.5	0.0	3.5	0.0	
"10/01/06"	"B200"	"N119MC"	"ZZV-CMH-ROA-CMH-ZZV"	3.1	2	0	0.2	0.0	1	0.0	0.0	3.1	0.0	0.9	2.2	0.0	0.0	
"10/03/06"	"C550"	"N127JJ"	"ZZV-TYS-ZZV"	2.3	1	0	0.0	0.0	0	0.0	0.0	2.3	0.0	0.0	2.3	0.0	0.0	
"10/05/06"	"B200"	"N127MJ"	"ZZV-HTS-LEX-JVY-ZZV"	3.4	2	0	0.7	0.0	2	0.0	0.0	3.4	0.0	2.1	1.3	0.0	0.0	
"10/08/06"	"F90"	"N127DC"	"ZZV-CMH-ASN-CMH-ZZV"	4.9	0	2	0.2	0.0	0	0.0	2.5	4.9	0.0	0.9	4.0	0.0	0.0	
"10/14/06"	"F90"	"N127DC"	"ZZV-ART-CAK-ZZV"	3.9	2	0	0.2	0.0	0	0.0	0.0	3.9	0.0	2.2	1.7	0.0	0.0	
"10/16/06"	"B200"	"N119MC"	"ZZV-CMH-ZZV-CMH-ZZV"	2.0	2	0	0.0	0.0	0	0.0	0.0	2.0	0.0	2.0	0.0	0.0	0.0	
"10/20/06"	"B200"	"N119MC"	"ZZV-CMH-HTS-CMH-ZZV"	2.7	1	1	0.3	0.0	1	0.0	1.3	0.0	0.0	1.0	1.7	0.0	0.0	
"10/23/06"	"B200"	"N119MC"	"ZZV-IND-FWA-IND-ZZV"	3.6	1	1	0.5	0.0	0	0.0	1.2	3.6	0.0	2.2	1.4	0.0	0.0	
"10/30/06"	"F90"	"N127DC"	"ZZV-JVY-HTS-JVY-LEX-HTS-JVY-ZZV"	6.6	1	3	3.0	0.0	4	0.0	4.6	6.6	0.0	3.0	3.6	0.0	0.0	"ASI"
"10/30/06"	"B200"	"N127MJ"	"ZZV-CMH-ROA-CMH-ZZV"	3.3	2	0	0.0	0.0	0	0.0	0.0	3.3	0.0	2.3	1.0	0.0	0.0	
"11/01/06"	"C310R"	"N626TM"	"ZZV-CMH-SHD-ZZV"	3.3	2	0	0.3	0.0	0	0.0	0.0	3.3	0.0	2.1	1.2	0.0	0.0	
"11/07/06"	"B200"	"N119MC"	"ZZV-CMH-PKB-CMH-ZZV"	2.3	0	2	0.2	0.0	0	0.0	2.3	2.3	0.0	1.1	1.2	0.0	0.0	
"11/09/06"	"C172P"	"N98508"	"ZZV-ZZV"	1.3	4	0	0.0	0.0	0	0.0	0.0	0.0	0.0	1.3	0.0	0.0	0.0	
"11/09/06"	"C310R"	"N626TM"	"ZZV-W22"	0.6	1	0	0.0	0.0	0	0.0	0.0	0.6	0.0	0.6	0.0	0.0	0.0	
"11/09/06"	"F90"	"N127DC"	"W22-ZZV"	0.6	1	0	0.0	0.0	0	0.0	0.0	0.6	0.0	0.6	0.0	0.0	0.0	
"11/10/06"	"B200"	"N119MC"	"ZZV-IND-ASW-FWA-IND-ASW-IND-ZZV"	5.6	0	2	0.2	0.0	0	0.0	3.1	5.6	0.0	2.3	3.3	0.0	0.0	
"11/12/06"	"B200"	"N119MC"	"ZZV-IND-JVY-IND-ZZV"	3.5	2	0	0.2	0.0	1	0.0	0.0	3.5	0.0	2.1	1.4	0.0	0.0	
"11/17/06"	"B200"	"N119MC"	"ZZV-CMH-HTS-CHM-ZZV"	1.7	1	1	0.2	0.0	0	0.0	0.3	1.7	0.0	0.7	1.0	0.0	0.0	
"11/18/06"	"F90"	"N127DC"	"ZZV-IND-EVV-IND-ZZV"	3.7	1	2	0.5	0.0	1	0.0	1.8	3.7	0.0	1.5	2.2	0.0	0.0	
"11/19/06"	"B200"	"N119MC"	"ZZV-CMH-ROA-CMH-ZZV"	3.2	1	1	0.5	0.0	1	0.0	0.5	3.2	0.0	1.0	2.2	0.0	0.0	
"11/20/06"	"B200"	"N119MC"	"ZZV-IND-SBN-IND-SBN-IND-ZZV"	5.5	1	1	0.2	0.0	0	0.0	0.7	5.5	0.0	2.3	3.2	0.0	0.0	
"11/21/06"	"B200"	"N119MC"	"ZZV-OSU-ASN"	2.1	1	0	0.0	0.0	0	0.0	0.0	2.1	0.0	0.5	1.6	0.0	0.0	
"11/22/06"	"B200"	"N119MC"	"ASN-OSU-ZZV"	2.7	0	1	0.0	0.0	0	0.0	0.2	0.0	0.0	2.2	0.5	0.0	0.0	
"11/27/06"	"Simulator"	"-"		0.0	0	0	0.0	8.0	4	8.0	0.0	0.0	0.0	0.0	0.0	8.0	0.0	"King Air Simulator @ SIMCOM"
"12/08/06"	"B200"	"N119MC"	"ZZV-CMH-HTS-CMH-ZZV"	2.5	1	1	0.0	0.0	0	0.0	0.7	2.5	0.0	1.0	1.5	0.0	0.0	
"12/19/06"	"B200"	"N119MC"	"ZZV-CDI-PKB-ILG-PKB-CDI-ZZV"	5.0	2	0	0.0	0.0	0	0.0	0.0	5.0	0.0	4.3	0.7	0.0	0.0	
"12/23/06"	"B200"	"N119MC"	"ZZV-CMH-ROA-CMH-ZZV"	3.2	1	1	0.0	0.0	0	0.0	0.5	3.2	0.0	1.0	2.2	0.0	0.0	
"12/31/06"	"B200"	"N119MC"	"ZZV-CMH-ROA-CMH-ZZV"	3.2	1	1	0.0	0.0	0	0.0	0.5	3.2	0.0	1.0	2.2	0.0	0.0	
"01/05/07"	"B200"	"N127MJ"	"ZZV-MDW-ZZV"	3.2	1	0	1.0	0.0	1	0.0	0.0	3.2	0.0	1.4	1.6	0.0	0.0	
"01/07/07"	"B200"	"N127MJ"	"ZZV-MDW-ZZV"	3.0	2	0	1.0	0.0	1	0.0	0.0	3.0	0.0	1.6	1.4	0.0	0.0	
"01/08/07"	"B200"	"N127MJ"	"ZZV-CMH"	0.5	1	0	0.0	0.0	0	0.0	0.0	0.5	0.0	0.5	0.0	0.0	0.0	
"01/08/07"	"B200"	"N119MC"	"ZZV-CMH-ZZV"	1.0	2	0	0.0	0.0	0	0.0	0.0	1.0	0.0	1.0	0.0	0.0	0.0	
"01/22/07"	"F90"	"N127DC"	"ZZV-DTW-CMH-ZZV"	2.5	0	0	0.0	0.0	0	0.0	0.0	2.5	0.0	1.6	0.9	0.0	0.0	
"02/02/07"	"F90"	"N127DC"	"ZZV-CAK-DTW-CAK-CMH"	3.2	0	0	0.0	0.0	0	0.0	0.7	3.2	0.0	0.0	3.2	0.0	0.0	
"02/04/07"	"B200"	"N119MC"	"CMH-ROA-CMH"	2.1	0	0	0.0	0.0	0	0.0	0.0	2.1	0.0	0.0	2.1	0.0	0.0	
"02/15/07"	"B200"	"N119MC"	"ZZV-DAB-CMH"	5.9	1	0	0.0	0.0	0	0.0	0.0	5.9	0.0	3.1	2.8	0.0	0.0	
"02/16/07"	"B200"	"N127MJ"	"ZZV-CMH-HTS-CMH-ZZV"	2.4	0	1	0.0	0.0	0	0.0	0.7	2.4	0.0	1.0	1.4	0.0	0.0	
"03/04/07"	"B200"	"N119MC"	"ZZV-CMH-ROA-CMH-ZZV"	2.4	0	0	0.0	0.0	0	0.0	0.0	2.4	0.0	0.0	2.4	0.0	0.0	
"03/05/07"	"F90"	"N127DC"	"ZZV-JVY-ZZV"	2.4	2	0	0.2	0.0	0	0.0	0.0	2.4	0.0	2.4	0.0	0.0	0.0	
"03/06/07"	"B200"	"N119MC"	"ZZV-CMH-TSO-ZZV"	1.7	0	2	0.0	0.0	0	0.0	1.7	1.7	0.0	1.0	0.7	0.0	0.0	
"03/11/07"	"B200"	"N127MJ"	"ZZV-CMH-ROA-ZZV"	2.6	2	0	0.0	0.0	0	0.0	0.0	2.6	0.0	1.2	1.4	0.0	0.0	
"03/14/07"	"F90"	"N127DC"	"ZZV-IND-SBN-FWA-IND-ZZV"	4.4	1	1	0.5	0.0	1	0.0	2.2	4.4	0.0	2.3	2.1	0.0	0.0	
"03/17/07"	"B200"	"N119MC"	"ZZV-CMH-ATL-ZZV"	3.3	1	0	0.2	0.0	0	0.0	0.0	3.3	0.0	1.7	1.6	0.0	0.0	
"03/19/07"	"B200"	"N119MC"	"ZZV-OSU-CYXU-CAK-OSU-ZZV"	4.4	1	1	1.0	0.0	1	0.0	0.4	0.0	0.0	1.2	3.3	0.0	0.0	"DIVERTED TO LONDON DUE TO WX"
"03/26/07"	"B200"	"N119MC"	"ZZV-CYQG-CAK-ZZV"	2.3	0	0	0.0	0.0	0	0.0	0.0	2.3	0.0	0.0	2.3	0.0	0.0	"Windsor Ontario"
"03/28/07"	"C310R"	"N626TM"	"ZZV-CMH-ZZV"	1.1	2	0	0.0	0.0	0	0.0	0.0	1.1	0.0	1.1	0.0	0.0	0.0	
"03/31/07"	"B200"	"N127MJ"	"ZZV-CMH-ATL"	2.6	1	0	0.0	0.0	0	0.0	0.0	2.6	0.0	0.6	2.0	0.0	0.0	
"04/03/07"	"B200"	"N127MJ"	"ATL-CMH-ZZV"	2.2	0	1	0.0	0.0	0	0.0	2.2	2.2	0.0	0.5	1.7	0.0	0.0	
"04/05/07"	"B200"	"N127MJ"	"CAK-OXD"	1.1	0	0	0.0	0.0	0	0.0	0.0	1.1	0.0	1.1	1.1	0.0	0.0	
"04/08/07"	"B200"	"N127MJ"	"CMH-ROA-CMH"	2.2	0	0	0.0	0.0	0	0.0	0.0	2.2	0.0	0.0	2.2	0.0	0.0	
"04/10/07"	"F90"	"N127DC"	"ZZV-CRW-STP-ZZV"	6.1	1	0	0.5	0.0	0	0.0	3.9	6.1	0.0	2.9	3.2	0.0	0.0	
"04/15/07"	"B200"	"N127MJ"	"ZZV-CMH-ROA-CMH-ZZV"	2.5	0	0	0.0	0.0	0	0.0	0.0	2.5	0.0	0.0	2.5	0.0	0.0	
"04/17/07"	"B200"	"N127MJ"	"ZZV-TSO-CMH-TSO-ZZV"	2.4	0	0	0.0	0.0	0	0.0	0.4	2.4	0.0	0.0	2.4	0.0	0.0	
"04/18/07"	"BE200"	"N360X"	"ZZV-I40-PIT-ZZV"	1.0	1	0	0.0	0.0	0	0.0	0.0	1.0	0.0	1.0	0.0	0.0	0.0	
"04/19/07"	"B200"	"N127MJ"	"ZZV-CAK-ONX"	2.3	0	0	0.0	0.0	0	0.0	0.4	2.3	0.0	0.0	2.3	0.0	0.0	
"04/20/07"	"B200"	"N127MJ"	"ONX-CAK-ZZV"	2.6	1	0	0.0	0.0	0	0.0	0.0	2.6	0.0	0.6	2.0	0.0	0.0	
"04/22/07"	"B200"	"N119MC"	"ZZV-CMH-ROA-CMH-ZZV"	3.2	2	0	0.0	0.0	0	0.0	0.0	3.2	0.0	0.9	2.3	0.0	0.0	
"04/24/07"	"B200"	"N119MC"	"ZZV-TSO-CMH-TSO-ZZV"	2.3	1	0	0.0	0.0	0	0.0	0.0	2.3	0.0	0.0	2.3	0.0	0.0	
"04/29/07"	"B200"	"N119MC"	"ZZV-CMH-ROA-CMH-ZZV"	3.2	2	0	0.0	0.0	0	0.0	0.0	3.2	0.0	1.0	2.2	0.0	0.0	
"05/08/07"	"B200"	"N119MC"	"ZZV-TSO-1G0-TSO-ZZV"	2.5	2	0	0.0	0.0	0	0.0	0.0	2.5	0.0	1.0	1.5	0.0	0.0	
"05/13/07"	"B200"	"N127MJ"	"ZZV-CMH-ROA-CMH-ZZV"	3.2	2	0	0.0	0.0	0	0.0	0.0	3.2	0.0	2.2	1.0	0.0	0.0	
"05/16/07"	"B200"	"N119MC"	"ZZV-CRW-JXN-CRW-ZZV"	4.1	1	1	0.8	0.0	0	0.0	0.2	4.1	0.0	1.4	2.7	0.0	0.0	
"05/17/07"	"B200"	"N127MJ"	"ZZV-CMH-LUK-MDW-PWK-CMH-ZZV"	4.9	3	0	0.8	0.0	0	0.0	0.0	4.9	0.0	1.5	3.4	0.0	0.0	
"05/20/07"	"B200"	"N127MJ"	"ZZV-CMH-ROA-CMH-ZZV"	3.2	1	1	0.3	0.0	0	0.0	1.7	3.2	0.0	1.0	2.2	0.0	0.0	
"05/23/07"	"B200"	"N127MJ"	"ZZV-4I3-ARR-4I3-ZZV"	3.8	2	0	0.2	0.0	0	0.0	0.0	3.8	0.0	0.9	2.9	0.0	0.0	
"05/25/07"	"F90"	"N127DC"	"ZZV-CAK-3I2-CAK-ZZV"	2.7	1	1	0.0	0.0	0	0.0	1.4	2.7	0.0	1.2	1.5	0.0	0.0	
"05/27/07"	"B200"	"N127MJ"	"ZZV-CMH-ROA-CMH-ZZV"	3.3	1	0	0.0	0.0	0	0.0	0.0	3.3	0.0	1.0	2.3	0.0	0.0	
"05/30/07"	"B200"	"N127MJ"	"ZZV-IND-EKM-FWA-IND-ZZV"	4.0	2	0	0.5	0.0	0	0.0	0.0	4.0	0.0	2.1	1.9	0.0	0.0	
"05/30/07"	"F90"	"N127DC"	"ZZV-CMH-ZZV"	1.0	2	0	0.2	0.0	1	0.0	0.0	1.0	0.0	1.0	0.0	0.0	0.0	
"05/31/07"	"B200"	"N127MJ"	"ZZV-OSU-ASN-OSU-ZZV"	5.0	4	0	0.2	0.0	0	0.0	0.0	5.0	0.0	1.1	3.9	0.0	0.0	
"06/03/07"	"B200"	"N127MJ"	"ZZV-CMH-ROA-CMH-ZZV"	3.3	2	0	0.5	0.0	1	0.0	0.0	3.3	0.0	0.8	2.5	0.0	0.0	
"06/05/07"	"B200"	"N127MJ"	"ZZV-CAK-IAD-CAK-ZZV"	3.8	1	1	0.3	0.0	1	0.0	1.9	3.8	0.0	1.3	2.5	0.0	0.0	
"06/06/07"	"B200"	"N127MJ"	"ZZV-TSO-CMH-TSO-CAK-ZZV"	2.8	1	0	0.1	0.0	0	0.0	0.0	2.8	0.0	1.0	1.8	0.0	0.0	
"06/07/07"	"B200"	"N119MC"	"ZZV-CMH-CYXU-CNB9-CAK-ZZV"	4.1	1	2	0.5	0.0	0	0.0	3.6	4.1	0.0	2.7	1.4	0.0	0.0	
"06/23/07"	"CE550-SIM"	"CE550SIM"	"SIM"	24.0	0	18	0.0	12.0	24	24.0	24.0	0.0	0.0	12.0	12.0	24.0	0.0	"Type Rating training"
"06/24/07"	"CE550-SIM"	"CE550SIM"	"SIM-"	4.0	0	3	0.0	0.0	4	4.0	4.0	0.0	0.0	2.0	2.0	0.0	0.0	"Type Rating Checkride"
"06/29/07"	"C550"	"N127JJ"	"ZZV-FXE-ZZV"	6.3	0	0	0.0	0.0	0	0.0	0.0	6.3	0.0	0.0	6.3	0.0	0.0	
"07/01/07"	"B200"	"N119MC"	"ZZV-CMH-ROA-CMH-ZZV"	3.3	2	0	0.0	0.0	0	0.0	0.0	3.3	0.0	1.0	2.3	0.0	0.0	
"07/09/07"	"B200"	"N127MJ"	"ZZV-CMH-MDT"	1.4	0	0	0.0	0.0	0	0.0	0.0	1.4	0.0	0.0	1.4	0.0	0.0	
"07/10/07"	"B200"	"N127MJ"	"MDT-ABE-BWI"	1.4	0	0	0.0	0.0	0	0.0	0.0	1.4	0.0	0.0	1.4	0.0	0.0	
"07/11/07"	"B200"	"N127MJ"	"BWI-PIT-CMH-ZZV"	1.4	1	0	0.0	0.0	0	0.0	0.0	1.4	0.0	0.0	1.4	0.0	0.0	
"07/12/07"	"B200"	"N127MJ"	"ZZV-CYQG-ZZV"	2.3	0	0	0.0	0.0	0	0.0	0.0	2.3	0.0	0.0	2.3	0.0	0.0	
"07/16/07"	"B200"	"N119MC"	"ZZV-CMH-LAN"	1.5	1	0	0.0	0.0	0	0.0	0.0	1.5	0.0	1.1	0.4	0.0	0.0	
"07/17/07"	"B200"	"N119MC"	"LAN-BKL"	0.9	0	0	0.0	0.0	0	0.0	0.0	0.9	0.0	0.0	0.9	0.0	0.0	
"07/18/07"	"B200"	"N119MC"	"BKL-CRW-K24-CHO"	3.7	3	0	0.0	0.0	0	0.0	0.0	3.7	0.0	0.0	3.7	0.0	0.0	
"07/19/07"	"B200"	"N119MC"	"CHO-CMH-ZZV"	2.0	1	0	0.1	0.0	0	0.0	0.0	2.0	0.0	0.5	1.5	0.0	0.0	
"07/20/07"	"B200"	"N127MJ"	"ZZV-CMH-HTS-CMH-ZZV"	2.4	2	0	0.0	0.0	0	0.0	0.0	2.4	0.0	0.9	1.5	0.0	0.0	
"07/23/07"	"F90"	"N127DC"	"ZZV-4G4-IND-ZZV"	3.1	2	0	0.1	0.0	0	0.0	0.0	3.1	0.0	1.8	1.3	0.0	0.0	
"07/24/07"	"B200"	"N119MC"	"ZZV-JVY-4M7-JVY-ZZV"	3.9	1	1	0.3	0.0	0	0.0	1.9	3.9	0.0	2.3	1.6	0.0	0.0	
"07/25/07"	"C550"	"N550WB"	"CDI-CVG-CDI"	1.7	0	0	0.0	0.0	0	0.0	0.0	1.7	0.0	0.0	1.7	0.0	0.0	
"07/26/07"	"F90"	"N127DC"	"CMH-DAY"	0.7	1	0	0.1	0.0	1	0.0	0.0	0.7	0.0	0.7	0.0	0.0	0.0	"PT.135 PIC CHECKRIDE"
"07/26/07"	"F90"	"N127DC"	"DAY-MLI"	1.7	1	0	0.2	0.0	1	0.0	0.0	1.7	0.0	1.7	0.0	0.0	0.0	"FIRST KING AIR SOLO"
"07/29/07"	"B200"	"N127MJ"	"ZZV-CMH-ROA-LYH-CMH-ZZV"	3.9	1	1	0.3	0.0	1	0.0	1.9	3.9	0.0	1.0	2.9	0.0	0.0	
"08/02/07"	"C550"	"N550WB"	"CDI-0ZW-CDI"	2.0	0	0	0.0	0.0	0	0.0	0.0	2.0	0.0	0.0	2.0	0.0	0.0	
"08/05/07"	"B200"	"N127MJ"	"ZZV-CMH-ROA-ZZV"	3.5	3	0	2.5	0.0	3	0.0	0.0	3.5	0.0	3.5	0.0	0.0	0.0	"FIRST PT135 FLIGHT AS PIC"
"08/06/07"	"B200"	"N119MC"	"ZZV-TSO-GRR-PTK"	2.0	0	0	0.0	0.0	0	0.0	0.0	2.0	0.0	0.0	2.0	0.0	0.0	
"08/07/07"	"B200"	"N119MC"	"PTK-CMH-DAY-ZZV"	2.4	2	0	0.3	0.0	0	0.0	0.0	2.4	0.0	1.1	1.3	0.0	0.0	
"08/11/07"	"BE200"	"N360X"	"ZZV-I40-ACY-I40-ZZV"	4.4	2	1	0.0	0.0	0	0.0	0.2	4.4	0.0	4.4	0.0	0.0	0.0	
"08/13/07"	"B200"	"N127MJ"	"DAY-CMH-ZZV"	1.0	2	0	0.0	0.0	0	0.0	0.0	1.0	0.0	1.0	0.0	0.0	0.0	"FIRST B200 SOLO CMH-ZZV"
"08/14/07"	"B200"	"N119MC"	"ZZV-IND-EVV-IND-ZZV"	3.7	2	0	0.1	0.0	0	0.0	0.0	3.7	0.0	2.1	1.6	0.0	0.0	
"08/17/07"	"B200"	"N119MC"	"ZZV-CHM-HTS-CMH-ZZV"	1.3	0	0	0.0	0.0	0	0.0	0.0	1.3	0.0	0.0	1.3	0.0	0.0	
"08/19/07"	"B200"	"N119MC"	"ZZV-CMH-ROA-BKL-CMH-ZZV"	4.6	3	2	0.7	0.0	2	0.0	1.4	4.6	0.0	4.6	0.0	0.0	0.0	
"08/21/07"	"B200"	"N119MC"	"ZZV-OSU-CYXU-CNB9"	2.4	3	0	0.0	0.0	0	0.0	0.0	2.4	0.0	2.4	0.0	0.0	0.0	
"08/22/07"	"B200"	"N119MC"	"CNB9-CAK-OSU-ZZV"	2.3	3	0	0.0	0.0	0	0.0	0.0	2.3	0.0	2.3	0.0	0.0	0.0	
"08/27/07"	"F90"	"N127DC"	"ZZV-AOH-DPA-AOH-ZZV"	3.9	2	0	0.0	0.0	0	0.0	0.0	3.9	0.0	1.4	2.5	0.0	0.0	
"09/05/07"	"B200"	"N127MJ"	"ZZV-DAY-ZZV"	1.5	2	0	0.0	0.0	0	0.0	0.0	1.5	0.0	1.5	0.0	0.0	0.0	"Solo flight to get rotating beacon upgraded to a LED unit"
"09/06/07"	"C550"	"N485AK"	"CMH-BTR-CMH"	4.9	0	0	0.0	0.0	0	0.0	2.3	4.9	0.0	0.0	4.9	0.0	0.0	
"09/09/07"	"B200"	"N119MC"	"ZZV-CMH-ROA-CMH-ZZV"	3.3	3	0	1.0	0.0	0	0.0	0.0	3.3	0.0	2.1	1.2	0.0	0.0	
"09/10/07"	"B200"	"N119MC"	"ZZV-BKL-YNG-LWB-ZZV"	3.3	3	0	0.4	0.0	1	0.0	0.0	3.3	0.0	2.7	0.6	0.0	0.0	
"09/11/07"	"F90"	"N118MJ"	"ZZV-CMH"	0.3	1	0	0.0	0.0	0	0.0	0.0	0.3	0.0	0.3	0.0	0.0	0.0	"1ST FLIGHT IN JIM'S AIRPLANE"
"09/12/07"	"BE200"	"N360X"	"ZZV-OSU-TZR-IND-GWB-TZR-ZZV"	2.6	2	0	0.0	0.0	0	0.0	0.0	2.6	0.0	2.6	0.0	0.0	0.0	
"09/18/07"	"F90"	"N118MJ"	"ZZV-CDI-PKB-ILG-PKB-CDI-ZZV"	4.1	6	0	0.2	0.0	0	0.0	0.0	4.1	0.0	4.1	0.0	0.0	0.0	
"09/19/07"	"C550"	"N127JJ"	"ZZV-CRE-ZZV"	3.0	0	0	0.0	0.0	0	0.0	0.0	3.0	0.0	0.0	3.0	0.0	0.0	
"09/21/07"	"B200"	"N127MJ"	"ZZV-CMH-HTS-CMH-ZZV"	2.4	3	1	0.1	0.0	0	0.0	0.5	2.4	0.0	2.4	0.0	0.0	0.0	"1ST KING AIR NIGHT SOLO (ZZV-CMH).  GOOD FLIGHT"
"09/24/07"	"C550"	"N127JJ"	"ZZV-CRE-ZZV"	3.0	0	0	0.0	0.0	0	0.0	0.0	3.0	0.0	0.0	3.0	0.0	0.0	
"09/25/07"	"B200"	"N127MJ"	"ZZV-OSU-IPT-OSU-ZZV"	4.6	3	0	0.3	0.0	0	0.0	0.0	4.6	0.0	3.4	1.2	0.0	0.0	
"09/28/07"	"F90"	"N127DC"	"CMH-ZZV"	0.3	1	0	0.0	0.0	0	0.0	0.0	0.0	0.0	0.3	0.0	0.0	0.0	
"09/28/07"	"C310R"	"N626TM"	"ZZV-CMH"	0.3	1	0	0.0	0.0	0	0.0	0.0	0.3	0.0	0.3	0.0	0.0	0.0	
"09/29/07"	"C550"	"N485AK"	"CMH-HTS-LRB-LNS-PIA-CMH"	5.8	0	1	0.0	0.0	0	0.0	3.6	5.8	0.0	0.0	5.8	0.0	0.0	
"09/30/07"	"F90"	"N118MJ"	"ZZV-CMH-ROA-CMH-ZZV"	3.2	3	0	0.1	0.0	0	0.0	0.0	3.2	0.0	2.1	1.1	0.0	0.0	
"10/03/07"	"B200"	"N127MJ"	"ZZV-OSU-CNB9-CAK-OSU-ZZV"	4.4	1	2	0.0	0.0	0	0.0	3.1	4.4	0.0	2.5	1.9	0.0	0.0	
"10/09/07"	"B200"	"N127MJ"	"ZZV-CMH-IAD-ZZV"	3.2	2	0	0.0	0.0	0	0.0	0.0	3.2	0.0	1.8	1.4	0.0	0.0	
"10/10/07"	"F90"	"N118MJ"	"ZZV-AGC-K22-AGC-ZZV"	3.7	1	0	0.0	0.0	0	0.0	0.0	3.2	0.0	0.0	3.7	0.0	0.0	
"10/15/07"	"F90"	"N118MJ"	"ZZV-YNG-IND-ZZV"	4.0	1	0	0.0	0.0	0	0.0	0.1	4.0	0.0	1.1	2.9	0.0	0.0	
"10/15/07"	"B200"	"N127MJ"	"ZZV-TOL-IND-ZZV"	2.8	2	0	0.2	0.0	0	0.0	0.0	2.8	0.0	1.7	1.1	0.0	0.0	
"10/18/07"	"B200"	"N127MJ"	"ZZV-CRW-CBE-HLG-CRW-ZZV"	4.1	1	1	0.2	0.0	0	0.0	0.7	4.1	0.0	1.4	2.7	0.0	0.0	
"10/19/07"	"B200"	"N119MC"	"ZZV-CMH-HTS-CMH-ZZV"	2.6	1	1	0.0	0.0	0	0.0	1.3	2.6	0.0	1.1	1.5	0.0	0.0	
"10/23/07"	"F90"	"N118MJ"	"ZZV-ZZV"	0.7	1	0	0.6	0.0	1	0.0	0.0	0.0	0.0	0.7	0.0	0.0	0.0	"L-ENG FIRE CAPTION RETURNED TO ZZV  - ILS22 ZZV"
"10/23/07"	"F90"	"N127DC"	"ZZV-EKM-EVV-EYE-EKM-ZZV"	5.5	1	1	1.0	0.0	0	0.0	1.0	5.5	0.0	2.2	3.3	0.0	0.0	
"10/26/07"	"B200"	"N119MC"	"ZZV-CMP-IPT-ZZV"	3.8	1	0	1.0	0.0	1	0.0	0.0	3.3	0.0	2.2	1.6	0.0	0.0	
"10/28/07"	"F90"	"N127DC"	"ZZV-IPT-CMH-ZZV"	3.3	2	0	0.0	0.0	0	0.0	0.0	3.3	0.0	1.7	1.3	0.0	0.0	
"10/29/07"	"B200"	"N119MC"	"ZZV-YNG-ZZV-YNG-ZZV"	2.8	1	1	0.0	0.0	0	0.0	0.5	2.8	0.0	1.4	1.4	0.0	0.0	
"11/01/07"	"C550"	"N485AK"	"CMH-MMU-MDT-CMH"	3.0	0	0	0.0	0.0	0	0.0	1.5	3.0	0.0	0.0	3.0	0.0	0.0	
"11/03/07"	"B200"	"N119MC"	"ZZV-AGC-CRW-AGC-ZZV"	3.3	1	1	0.0	0.0	0	0.0	1.5	3.3	0.0	1.4	1.9	0.0	0.0	
"11/08/07"	"B200"	"N127MJ"	"ZZV-AGC-BLF-AGC-ZZV"	3.5	1	1	0.8	0.0	0	0.0	1.8	3.5	0.0	1.4	2.1	0.0	0.0	
"11/08/07"	"C550"	"N485AK"	"CMH-MDT-CMH"	2.6	0	0	0.0	0.0	0	0.0	1.3	2.6	0.0	0.0	2.6	0.0	0.0	
"11/10/07"	"F90"	"N118MJ"	"ZZV-AGC-ELM-AGC-ZZV"	3.6	2	2	2.0	0.0	4	0.0	2.0	3.6	0.0	0.0	3.6	0.0	0.0	
"11/12/07"	"F90"	"N118MJ"	"ZZV-AOH-PAH"	2.6	2	0	0.8	0.0	0	0.0	0.0	2.6	0.0	2.6	0.0	0.0	0.0	
"11/13/07"	"F90"	"N118MJ"	"PAH-AOH-ZZV"	2.5	1	0	0.2	0.0	0	0.0	0.0	0.0	0.0	0.8	1.7	0.0	0.0	
"11/15/07"	"B200"	"N127MJ"	"ZZV-AGC-AOO-AGC-ZZV"	3.0	2	1	1.0	0.0	0	0.0	0.5	3.0	0.0	2.3	0.7	0.0	0.0	
"11/16/07"	"B200"	"N119MC"	"ZZV-CMH-HTS-CMH-DAY-ZZV"	3.1	2	1	0.0	0.0	0	0.0	0.7	3.1	0.0	1.7	1.4	0.0	0.0	
"11/17/07"	"B200"	"N119MC"	"ZZV-LNN-DPA-LNN-ZZV"	4.9	3	0	0.8	0.0	0	0.0	0.0	4.9	0.0	1.7	1.4	0.0	0.0	
"11/19/07"	"B200"	"N119MC"	"ZZV-CKB-PHL-CRW-ZZV"	4.3	1	1	0.2	0.0	0	0.0	2.0	4.3	0.0	1.3	3.0	0.0	0.0	
"11/20/07"	"C550"	"N485AK"	"CMH-SRQ-CMH"	4.7	0	1	0.0	0.0	0	0.0	2.2	4.7	0.0	0.0	4.7	0.0	0.0	
"11/22/07"	"B200"	"N127MJ"	"ZZV-BWI-AGC-ZZV"	3.1	1	1	0.2	0.0	0	0.0	1.8	3.1	0.0	2.0	1.1	0.0	0.0	
"11/24/07"	"B200"	"N119MC"	"ZZV-LWB-BHM-ORL-APF-ZZV"	9.3	2	1	1.0	0.0	0	0.0	3.2	9.3	0.0	6.4	0.0	0.0	2.9	
"11/29/07"	"B200"	"N119MC"	"ZZV-AGC-K22-AGC-ZZV"	3.8	1	0	0.0	0.0	0	0.0	0.0	3.8	0.0	0.7	3.1	0.0	0.0	
"12/01/07"	"B200"	"N119MC"	"ZZV-AGC-CRW-AGC-ZZV"	3.0	4	0	0.0	0.0	0	0.0	0.0	3.0	0.0	3.0	0.0	0.0	0.0	
"12/03/07"	"F90"	"N127DC"	"ZZV-AOH-SBN-AOH-ZZV"	3.3	2	2	0.5	0.0	1	0.0	1.4	3.3	0.0	3.3	0.0	0.0	0.0	
"12/13/07"	"F90"	"N127DC"	"ZZV-OSU-CYYZ-CAK-OSU-ZZV"	4.4	1	1	1.0	0.0	2	0.0	1.9	4.4	0.0	1.9	2.5	0.0	0.0	
"12/16/07"	"B200"	"N127MJ"	"ZZV-CMH-ROA-ZZV"	2.8	2	0	1.0	0.0	2	0.0	0.0	2.8	0.0	1.7	1.1	0.0	0.0	
"12/18/07"	"F90"	"N118MJ"	"ZZV-AGC-CXY-AGC-ZZV"	3.2	3	1	0.0	0.0	0	0.0	0.7	3.2	0.0	3.2	0.0	0.0	0.0	
"12/19/07"	"B200"	"N119MC"	"ZZV-PKB-SHV-PKB-ZZV"	7.2	0	2	0.0	0.0	0	0.0	2.6	7.2	0.0	0.9	6.3	0.0	0.0	
"12/20/07"	"F90"	"N127DC"	"ZZV-OSU-BGM-OSU-ZZV"	4.0	1	1	0.0	0.0	0	0.0	0.5	4.0	0.0	2.4	1.6	0.0	0.0	
"12/21/07"	"F90"	"N127DC"	"ZZV-AGC-ELM-AGC-ZZV"	3.5	0	4	0.8	0.0	0	0.0	3.0	3.5	0.0	3.5	0.0	0.0	0.0	
"12/28/07"	"F90"	"N118MJ"	"ZZV-IND-FWA-SBN-IND-ZZV"	4.8	3	2	2.5	0.0	4	0.0	2.0	4.8	0.0	4.8	0.0	0.0	0.0	
"12/29/07"	"C550"	"N127JJ"	"ZZV-FXE-ZZV"	6.0	1	0	0.2	0.0	0	0.0	0.0	6.0	0.0	2.8	3.2	0.0	0.0	
"12/30/07"	"B200"	"N119MC"	"ZZV-CMH-ROA-CMH-ZZV"	3.5	2	0	1.0	0.0	1	0.0	0.0	3.5	0.0	1.7	1.8	0.0	0.0	
"01/01/08"	"C550"	"N485AK"	"CMH-SAV-EYW-CMH"	6.0	0	0	0.0	0.0	0	0.0	2.5	6.0	0.0	0.0	6.0	0.0	0.0	
"01/04/08"	"B200"	"N119MC"	"ZZV-ERI-AGC-ZZV"	2.3	0	2	0.2	0.0	0	0.0	1.9	2.3	0.0	1.9	0.4	0.0	0.0	
"01/06/08"	"C550"	"N485AK"	"CMH-EYW-AGU-CMH"	6.0	0	0	0.0	0.0	0	0.0	0.0	6.0	0.0	0.0	6.0	0.0	0.0	
"01/08/08"	"B200"	"N127MJ"	"ZZV-ESN-ZZV"	2.9	2	0	0.2	0.0	0	0.0	0.0	2.9	0.0	2.9	0.0	0.0	0.0	
"01/11/08"	"B200"	"N119MC"	"ZZV-AGC-K22-AGC-ZZV"	3.0	2	0	0.5	0.0	0	0.0	0.0	3.0	0.0	1.4	1.6	0.0	0.0	
"01/14/08"	"B200"	"N127MJ"	"ZZV-EVV-IND-ZZV"	2.5	0	2	0.5	0.0	0	0.0	1.5	2.5	0.0	2.5	0.0	0.0	0.0	
"01/16/08"	"C550"	"N485AK"	"CMH-LIT-BTR-CMH"	5.0	0	0	0.0	0.0	0	0.0	2.0	5.0	0.0	0.0	5.0	0.0	0.0	
"01/17/08"	"C550"	"N485AK"	"CMH-BTR-CMH"	4.7	0	0	0.0	0.0	0	0.0	2.0	4.7	0.0	0.0	4.7	0.0	0.0	
"01/21/08"	"C550"	"N127JJ"	"ZZV-FXE-ZZV"	4.1	1	1	0.8	0.0	0	0.0	0.6	4.1	0.0	2.1	2.0	0.0	0.0	
"01/22/08"	"B200"	"N127MJ"	"ZZV-AGC-LNP-AGC-ZZV"	3.2	1	1	0.5	0.0	1	0.0	1.4	3.2	0.0	1.6	1.6	0.0	0.0	
"01/25/08"	"B200"	"N119MC"	"ZZV-IND-FWA-IND-ZZV"	2.5	2	0	0.2	0.0	0	0.0	0.0	2.5	0.0	1.9	0.6	0.0	0.0	
"01/29/08"	"B200"	"N119MC"	"ZZV-OSU-CYYZ"	1.9	2	0	0.0	0.0	0	0.0	0.0	1.9	0.0	0.0	1.9	0.0	0.0	
"01/31/08"	"B200"	"N119MC"	"CYYZ-CAK-OSU-ZZV"	2.4	3	0	0.3	0.0	0	0.0	0.0	2.4	0.0	2.4	0.0	0.0	0.0	
"02/01/08"	"C310R"	"N626TM"	"ZZV-MCO"	4.0	1	0	0.3	0.0	1	0.0	0.0	4.0	0.0	4.0	0.0	0.0	0.0	
"02/02/08"	"CE550-SIM"	"CE550SIM"	"SIMCOM"	1.5	0	2	0.0	0.0	4	1.5	1.5	0.0	0.0	1.0	0.5	0.0	0.0	
"02/03/08"	"C550"	"N127JJ"	"MCO-VNC"	1.0	1	0	0.0	0.0	0	0.0	0.0	1.0	0.0	1.0	0.0	0.0	0.0	
"02/04/08"	"B200"	"N119MC"	"ZZV-AGC-CRW-AGC-ZZV"	2.2	1	1	0.3	0.0	0	0.0	1.5	2.2	0.0	1.2	1.0	0.0	0.0	
"02/05/08"	"B200"	"N119MC"	"ZZV-OSU-CYXU-CLE-OSU-ZZV"	4.1	2	3	2.0	0.0	3	0.0	2.4	4.1	0.0	4.1	0.0	0.0	0.0	
"02/06/08"	"C550"	"N485AK"	"CMH-GRR-CMH"	2.0	0	0	0.0	0.0	0	0.0	0.0	1.0	0.0	0.0	2.0	0.0	0.0	
"02/11/08"	"F90"	"N118MJ"	"ZZV-YNG-IND-CMH"	3.2	1	1	0.7	0.0	0	0.0	0.5	3.2	0.0	2.3	0.9	0.0	0.0	
"02/15/08"	"C550"	"N127JJ"	"ZZV-AGC-LNP-AGC-ZZV"	3.5	0	0	0.0	0.0	0	0.0	1.6	3.5	0.0	0.0	3.5	0.0	0.0	
"02/18/08"	"B200"	"N119MC"	"ZZV-CLE-DET-CLE-ZZV"	2.1	4	0	0.3	0.0	0	0.0	0.7	2.1	0.0	1.0	1.1	0.0	0.0	
"02/19/08"	"B200"	"N119MC"	"ZZV-HAO-IKV"	3.5	2	0	0.5	0.0	0	0.0	0.0	3.5	0.0	3.5	0.0	0.0	0.0	"Start of 3 day trip with Aaron Z"
"02/20/08"	"B200"	"N119MC"	"IKV-TUL-SGR"	3.2	1	0	0.5	0.0	0	0.0	0.0	3.2	0.0	1.5	1.7	0.0	0.0	
"02/21/08"	"B200"	"N119MC"	"SGR-DAY"	3.1	0	0	0.0	0.0	0	0.0	0.0	3.1	0.0	0.0	3.1	0.0	0.0	"Diverted into Dayton due to weather.  Left the aircraft there and drove home."
"02/26/08"	"C550"	"N127JJ"	"ZZV-AGC-TPA-PIT"	6.6	0	0	0.0	0.0	0	0.0	2.6	6.6	0.0	0.0	6.6	0.0	0.0	
"02/27/08"	"C550"	"N127JJ"	"PIT-ZZV"	0.6	0	0	0.0	0.0	0	0.0	0.0	0.6	0.0	0.0	0.6	0.0	0.0	
"02/28/08"	"C550"	"N127JJ"	"ZZV-BWI-LWB-CMH-ZZV"	2.8	0	0	0.0	0.0	0	0.0	0.0	2.8	0.0	0.0	2.8	0.0	0.0	
"03/01/08"	"C550"	"N127JJ"	"ZZV-LWB-BWI-ZZV"	3.2	0	0	0.0	0.0	0	0.0	0.0	3.2	0.0	0.0	3.2	0.0	0.0	
"03/04/08"	"B200"	"N127MJ"	"ZZV-AGC-CRW-ZZV"	2.6	1	1	1.5	0.0	2	0.0	0.5	2.6	0.0	1.8	0.8	0.0	0.0	
"03/06/08"	"C550"	"N127JJ"	"ZZV-CMH-BKL-CAK-IAD-ZZV"	3.8	1	0	0.0	0.0	0	0.0	0.0	3.8	0.0	1.0	2.8	0.0	0.0	
"03/12/08"	"BE200"	"N360X"	"ZZV-BLF-ZZV"	2.0	1	0	0.0	0.0	0	0.0	0.0	2.0	0.0	2.0	0.0	0.0	0.0	
"03/16/08"	"C550"	"N127JJ"	"HND-SLN-BLF-ZZV"	5.0	0	0	0.0	0.0	0	0.0	0.0	5.0	0.0	0.0	5.0	0.0	0.0	
"03/18/08"	"BE200"	"N360X"	"ZZV-K22-ZZV"	1.8	1	0	0.2	0.0	1	0.0	0.0	1.8	0.0	1.8	0.0	0.0	0.0	
"03/19/08"	"BE200"	"N360X"	"ZZV-BLF-ZZV"	1.9	1	0	1.0	0.0	1	0.0	0.0	1.9	0.0	1.9	0.0	0.0	0.0	
"03/20/08"	"C550"	"N485AK"	"CMH-AGC-CMH"	1.4	0	0	0.0	0.0	0	0.0	0.7	1.4	0.0	0.0	1.4	0.0	0.0	
"03/25/08"	"C550"	"N127JJ"	"ZZV-AGC-MYR-AGC-ZZV"	4.2	1	0	0.0	0.0	0	0.0	3.5	4.2	0.0	0.5	3.7	0.0	0.0	
"03/29/08"	"B200"	"N127MJ"	"ZZV-TEB-CMH-ZZV"	4.6	0	0	0.0	0.0	0	0.0	0.0	4.6	0.0	0.0	4.6	0.0	0.0	
"03/30/08"	"B200"	"N119MC"	"ZZV-CLE-TEB-CLE-ZZV"	5.0	2	2	0.0	0.0	0	0.0	2.6	5.0	0.0	5.0	0.0	0.0	0.0	
"04/01/08"	"C550"	"N127JJ"	"ZZV-TZR-MQY-TZR-ZZV"	3.6	0	0	0.0	0.0	0	0.0	0.5	3.6	0.0	0.0	3.6	0.0	0.0	
"04/04/08"	"C550"	"N127JJ"	"ZZV-CMH-SAV-CMH-ZZV"	5.1	0	0	0.0	0.0	0	0.0	0.0	5.1	0.0	0.0	5.1	0.0	0.0	
"04/06/08"	"C550"	"N127JJ"	"ZZV-SAV-CMH-ZZV"	4.2	1	0	0.0	0.0	0	0.0	0.0	4.2	0.0	0.0	4.2	0.0	0.0	
"04/07/08"	"C550"	"N127JJ"	"ZZV-OSU-ORD-MLB"	5.2	0	0	0.0	0.0	0	0.0	0.0	5.2	0.0	0.0	5.2	0.0	0.0	"1ST TIME INTO ORD"
"04/08/08"	"C550"	"N127JJ"	"MLB-BUY-OSU-CMH-ZZV"	3.7	0	0	0.0	0.0	0	0.0	0.0	3.7	0.0	0.0	3.7	0.0	0.0	
"04/09/08"	"B200"	"N127MJ"	"ZZV-LEE-THV-ZZV"	7.1	2	0	0.2	0.0	0	0.0	0.0	7.1	0.0	4.4	2.7	0.0	0.0	
"04/10/08"	"BE200"	"N360X"	"ZZV-EVV-ZZV"	2.8	2	0	0.0	0.0	0	0.0	0.0	2.8	0.0	2.8	0.0	0.0	0.0	
"04/13/08"	"B200"	"N119MC"	"ZZV-CMH-ROA-CMH-ZZV"	3.2	2	0	0.3	0.0	0	0.0	0.0	3.2	0.0	1.6	1.6	0.0	0.0	
"04/14/08"	"F90"	"N118MJ"	"ZZV-AGC-TRI"	2.0	2	0	0.0	0.0	0	0.0	0.0	2.0	0.0	2.0	0.0	0.0	0.0	
"04/14/08"	"F90"	"N118MJ"	"TRI-AGC-ZZV"	2.3	2	0	0.0	0.0	0	0.0	0.0	2.3	0.0	2.3	0.0	0.0	0.0	
"04/16/08"	"B200"	"N119MC"	"ZZV-PIT-K22-PIT-ZZV"	3.5	2	0	0.0	0.0	0	0.0	0.0	3.5	0.0	3.5	0.0	0.0	0.0	
"04/18/08"	"F90"	"N118MJ"	"ZZV-PIT-SCX-PIT-ZZV"	4.6	4	0	0.0	0.0	0	0.0	0.0	4.6	0.0	4.6	0.0	0.0	0.0	
"04/20/08"	"B200"	"N119MC"	"ZZV-CMH-ROA-CMH-ZZV"	3.1	2	0	0.0	0.0	0	0.0	0.0	3.1	0.0	1.5	1.6	0.0	0.0	
"04/22/08"	"BE200"	"N360X"	"ZZV-I40-TVC-ZZV"	3.5	2	1	0.0	0.0	0	0.0	1.5	3.5	0.0	3.5	0.0	0.0	0.0	
"04/24/08"	"BE200"	"N360X"	"OSU-ZZV"	0.5	1	0	0.0	0.0	0	0.0	0.0	0.5	0.0	0.5	0.0	0.0	0.0	
"04/27/08"	"B200"	"N119MC"	"CMH-ROA-CMH"	2.4	2	0	0.0	0.0	0	0.0	0.0	2.4	0.0	2.4	0.0	0.0	0.0	"1st charter flight with a co-pilot."
"04/28/08"	"B200"	"N119MC"	"ZZV-AGC-CRW-HTS-K22-CRW-AGC-ZZV"	5.9	3	0	0.9	0.0	2	0.0	0.0	5.9	0.0	2.4	3.5	0.0	0.0	
"04/29/08"	"B200"	"N127MJ"	"ZZV-AGC-TRI-AGC-ZZV"	4.2	2	0	0.0	0.0	0	0.0	0.0	4.2	0.0	2.1	2.1	0.0	0.0	
"04/30/08"	"F90"	"N118MJ"	"ZZV-MGY-LAN-MGY-ZZV"	3.8	2	0	0.0	0.0	0	0.0	0.0	3.8	0.0	1.8	2.0	0.0	0.0	
"05/05/08"	"C550"	"N127JJ"	"ZZV-IND-BWI-IND-ZZV"	4.2	0	1	0.2	0.0	0	0.0	0.5	4.2	0.0	0.0	4.2	0.0	0.0	
"05/06/08"	"C550"	"N485AK"	"CMH-FWA-CMH"	1.2	0	0	0.0	0.0	0	0.0	0.0	1.2	0.0	0.0	1.2	0.0	0.0	
"05/08/08"	"C550"	"N127JJ"	"ZZV-CRW-AGC-ZZV"	2.0	1	0	0.3	0.0	1	0.0	0.0	2.0	0.0	0.7	1.3	0.0	0.0	
"05/11/08"	"B200"	"N119MC"	"ZZV-CMH-ROA-CMH"	3.2	3	0	2.5	0.0	2	0.0	0.0	3.0	0.0	3.2	0.0	0.0	0.0	
"05/13/08"	"B200"	"N127MJ"	"AGC-VJI"	1.2	1	0	0.2	0.0	0	0.0	0.0	1.2	0.0	1.2	0.0	0.0	0.0	
"05/14/08"	"B200"	"N127MJ"	"VJI-AGC-ZZV"	2.1	2	0	0.7	0.0	2	0.0	0.0	2.1	0.0	2.1	0.0	0.0	0.0	
"05/15/08"	"B200"	"N119MC"	"ZZV-JXN-CAK-ZZV"	3.1	2	0	0.5	0.0	1	0.0	0.0	3.1	0.0	2.1	1.0	0.0	0.0	
"05/16/08"	"B200"	"N119MC"	"ZZV-CAK-HHG-IND-ZZV"	3.4	2	0	0.5	0.0	1	0.0	0.0	3.4	0.0	1.7	1.7	0.0	0.0	
"05/17/08"	"B200"	"N127MJ"	"ZZV-AGC-ILG-AGC"	3.7	0	2	0.2	0.0	0	0.0	3.2	3.7	0.0	1.7	2.0	0.0	0.0	
"05/20/08"	"BE200"	"N360X"	"ZZV-OSU-TEB-ZZV"	2.5	1	1	0.2	0.0	0	0.0	1.7	2.5	0.0	2.5	0.0	0.0	0.0	
"05/22/08"	"C550"	"N127JJ"	"ZZV-OSU-BTL-OSU-ZZV"	2.7	1	0	0.1	0.0	0	0.0	0.0	2.7	0.0	0.5	2.2	0.0	0.0	
"05/23/08"	"F90"	"N118MJ"	"ZZV-OSU-AVL"	2.1	2	0	0.5	0.0	0	0.0	0.0	2.1	0.0	2.1	0.0	0.0	0.0	
"05/25/08"	"B200"	"N119MC"	"CMH-ROA-CMH"	2.3	2	0	0.0	0.0	0	0.0	0.0	2.3	0.0	2.3	0.0	0.0	0.0	
"05/26/08"	"B200"	"N119MC"	"ZZV-IND-FWA-IND-CMH-IND-ZZV"	4.3	2	1	0.5	0.0	0	0.0	2.8	4.3	0.0	2.2	2.1	0.0	0.0	
"05/27/08"	"B200"	"N127MJ"	"ZZV-CMH-HFD"	2.5	1	0	0.0	0.0	0	0.0	0.0	2.5	0.0	0.5	2.0	0.0	0.0	
"05/28/08"	"B200"	"N127MJ"	"HFD-GSP"	3.0	1	0	0.3	0.0	1	0.0	0.0	3.0	0.0	3.0	0.0	0.0	0.0	
"05/29/08"	"B200"	"N127MJ"	"GSP-BNA"	1.3	1	0	0.0	0.0	0	0.0	0.0	1.3	0.0	0.0	1.3	0.0	0.0	
"05/30/08"	"B200"	"N127MJ"	"BNA-CMH"	1.1	1	0	0.0	0.0	0	0.0	0.0	1.1	0.0	1.1	0.0	0.0	0.0	
"06/03/08"	"B200"	"N127MJ"	"ZZV-ZZV"	1.3	1	0	0.0	0.5	2	0.0	0.0	0.0	0.0	1.3	0.0	1.3	0.0	
"06/05/08"	"B200"	"N127MJ"	"ZZV-CMH-VTA-CMH-ZZV"	1.8	4	0	0.0	0.8	4	0.0	0.0	0.0	0.0	1.8	0.0	0.0	0.0	"ATP Checkride.  Inspector Steve Green.  Result: PASS :)."
"06/08/08"	"B200"	"N119MC"	"ZZV-CMH-ROA-CMH-ZZV"	3.3	4	0	0.0	0.0	0	0.0	0.0	3.0	0.0	3.3	0.0	0.0	0.0	"Charter flight.  Co-Pilot : Dave Schluep.  nice day if a little bumpy."
"06/09/08"	"B200"	"N119MC"	"ZZV-CMH"	0.3	1	0	0.0	0.0	0	0.0	0.0	0.3	0.0	0.3	0.0	0.0	0.0	"I took N119MC to CMH for avionics work.  1st solo in this B200"
"06/10/08"	"C550"	"N485AK"	"CMH-OCF-CMH"	5.0	0	0	0.0	0.0	0	0.0	0.0	5.0	0.0	0.0	5.0	0.0	0.0	"AKSM"
"06/12/08"	"C550"	"N485AK"	"CMH-MDT-CMH"	2.6	0	0	0.0	0.0	0	0.0	1.3	1.3	0.0	0.0	2.6	0.0	0.0	"AKSM"
"06/15/08"	"B200"	"N127MJ"	"ZZV-CMH-ROA-CMH-ZZV"	2.6	4	0	0.1	0.0	0	0.0	0.0	2.6	0.0	2.6	0.0	0.0	0.0	"Roanoke with Jason."
"06/16/08"	"B200"	"N119MC"	"ZZV-MMU-DAY"	4.2	2	0	0.0	0.5	1	0.0	0.0	4.2	0.0	4.2	0.0	0.0	0.0	"With Aaron Zieber.   ILS 23 @ MMU"
"06/17/08"	"B200"	"N127MJ"	"ZZV-JVY-BNA-JVY-ZZV"	4.1	4	0	0.0	0.0	0	0.0	0.0	4.1	0.0	4.1	0.0	0.0	0.0	"Projet medical flight.  Heart team.  With Tom Rojewski"
"06/20/08"	"B200"	"N127MJ"	"ZZV-LNP-CRW-AGC-ZZV"	3.4	2	0	0.2	0.0	0	0.0	0.0	3.4	0.0	3.4	0.0	0.0	0.0	"Early morning Voyager trip with Jim Aslanides . Light icing but Wx  good."
"06/21/08"	"C550"	"N485AK"	"CMH-SFZ-CMH"	4.8	0	0	0.0	0.0	0	0.0	0.0	4.8	0.0	0.0	4.8	0.0	0.0	"With Dick Cole"
"06/23/08"	"CE550-SIM"	"CE550SIM"	"MIA-MIA"	4.0	0	3	0.0	1.5	3	4.0	4.0	0.0	0.0	2.0	2.0	0.0	0.0	
"06/25/08"	"BE200"	"N360X"	"ZZV-MGW-OSU-ZZV"	2.1	3	0	0.0	0.0	0	0.0	0.0	2.1	0.0	2.1	0.0	0.0	0.0	
"07/03/08"	"BE200"	"N360X"	"ZZV-CKB-ZZV"	1.4	2	0	0.3	0.0	1	0.0	0.0	1.4	0.0	1.4	0.0	0.0	0.0	
"07/05/08"	"B200"	"N127MJ"	"ZZV-MQI-YNG-ZZV"	4.5	3	0	0.5	0.0	0	0.0	0.0	4.5	0.0	4.5	0.0	0.0	0.0	"Roanoke Island NC with Tom Rojewski.  Some weather, good trip."
"07/06/08"	"B200"	"N127MJ"	"ZZV-CMH-ROA-CMH-ZZV"	3.4	2	0	0.5	0.0	1	0.0	0.0	3.4	0.0	3.4	0.0	0.0	0.0	"Usual Sunday run with Jim Aslanides.  Some weather to dodge around."
"07/22/08"	"B200"	"N119MC"	"ZZV-I40-ZZV"	1.4	3	0	0.0	0.8	4	0.0	0.0	0.0	0.0	1.4	0.0	0.0	0.0	"Line Check"
"07/24/08"	"CE500"	"N752CK"	"ZZV-OSU-UZA"	1.8	0	0	0.0	0.0	0	0.0	0.0	1.8	0.0	0.0	1.8	0.0	0.0	
"07/25/08"	"CE500"	"N752CK"	"UZA-HEF-OSU-ZZV"	3.2	0	0	0.0	0.0	0	0.0	0.0	3.2	0.0	0.0	3.2	0.0	0.0	
"07/31/08"	"C550"	"N127JJ"	"ZZV-AGC-BDL-AGC-ZZV"	4.0	2	0	0.1	0.0	0	0.0	0.0	4.0	0.0	1.3	2.7	0.0	0.0	"Voyager trip with Jason"
"08/01/08"	"C550"	"N127JJ"	"ZZV-PIT-MDW-AGC-ZZV"	4.5	1	0	0.2	0.0	0	0.0	0.3	4.5	0.0	0.6	3.9	0.0	0.0	"Voyager trip with Jason."
"08/03/08"	"B200"	"N119MC"	"ZZV-CMH-ROA-CMH-ZZV"	3.2	4	0	0.0	0.0	0	0.0	0.0	3.2	0.0	3.2	0.0	0.0	0.0	"With Dave Schluep.  Nice day, good trip"
"08/05/08"	"C550"	"N485AK"	"CMH-EWB-CMH"	4.0	0	0	0.0	0.0	0	0.0	2.0	4.0	0.0	0.0	4.0	0.0	0.0	"With Eric"
"08/07/08"	"C550"	"N127JJ"	"ZZV-MRT-PWM-MMU-ZZV"	5.6	0	1	0.0	0.0	0	0.0	1.7	5.6	0.0	1.7	3.9	0.0	0.0	"Scotts.. with Jason."
"08/08/08"	"C550"	"N485AK"	"CMH-HPN-CMH"	3.4	0	0	0.0	0.0	0	0.0	0.0	3.4	0.0	0.0	3.4	0.0	0.0	"white plains ny )"
"08/09/08"	"B200"	"N119MC"	"ZZV-OSU-HXD-OSU-ZZV"	4.9	4	0	0.0	0.0	0	0.0	0.0	4.9	0.0	0.0	4.9	0.0	0.0	"Hilton Head NC (Find designator)."
"08/10/08"	"B200"	"N119MC"	"SUT-CMH"	2.2	1	0	0.1	0.0	0	0.0	0.0	2.2	0.0	2.2	0.0	0.0	0.0	"With Elizabeth Swingle.  Check times."
"08/10/08"	"B200"	"N119MC"	"ROA-CMH"	1.2	1	0	0.1	0.0	0	0.0	0.0	1.2	0.0	1.2	0.0	0.0	0.0	"With Elizabeth Swingle.  Check times.  Some weather to dodge around."
"08/15/08"	"B200"	"N119MC"	"ZZV-CMH-HTS-CMH-ZZV"	2.5	3	1	0.0	0.0	1	0.0	0.5	2.5	0.0	2.5	0.0	0.0	0.0	"Sports Medicine with Dave Schluep.  Fog @ HTS delayed CMH Departure."
"08/17/08"	"B200"	"N119MC"	"ZZV-CMH-ROA-CMH-ZZV"	3.2	4	0	0.1	0.0	0	0.0	0.0	3.2	0.0	3.2	0.0	0.0	0.0	"With Dave Schluep.  Good Wx"
"08/22/08"	"B200"	"N119MC"	"ZZV-VTA-GON-ZZV"	5.0	2	0	0.0	0.0	0	0.0	0.0	5.0	0.0	2.7	2.3	0.0	0.0	"Groton CT with Jason.  Smooth flight with good wx."
"08/26/08"	"B200"	"N127MJ"	"GON-VTA"	2.2	1	0	0.0	0.0	0	0.0	0.0	2.2	0.0	2.2	0.0	0.0	0.0	"With Mike Marshall"
"08/28/08"	"B200"	"N127MJ"	"CBE-ZZV"	1.0	1	0	0.8	0.0	1	0.0	0.0	1.0	0.0	1.0	0.0	0.0	0.0	"with Mike Marshall.  ILS 22 @ ZZV"
"09/03/08"	"CE500"	"N752CK"	"ZZV-OSU-JST-OSU-ZZV"	3.1	2	0	0.1	0.0	0	0.0	0.0	3.1	0.0	1.0	2.1	0.0	0.0	"With Jason Baird"
"09/05/08"	"C550"	"N127JJ"	"ZZV-AGC-BNA-AGC-ZZV"	4.5	1	1	0.1	0.0	0	0.0	2.1	4.5	0.0	1.2	3.3	0.0	0.0	"With Jason.  Medical trip."
"09/09/08"	"C550"	"N127JJ"	"ZZV-AGC-GPV-AGC-ZZV"	3.9	1	0	0.2	0.0	1	0.0	1.9	3.9	0.0	0.6	3.3	0.0	0.0	
"09/11/08"	"B200"	"N119MC"	"ZZV-VTA-LWB-ROA-VTA-ZZV"	4.2	5	0	1.5	0.0	2	0.0	0.0	4.2	0.0	4.2	0.0	0.0	0.0	"With Dave Schluep.  Diverted to LWB due to Wx."
"09/15/08"	"B200"	"N119MC"	"YNG-IND-ZZV"	2.6	2	0	0.1	0.0	0	0.0	0.0	2.6	0.0	1.0	1.6	0.0	0.0	"With Elizabeth"
"09/19/08"	"B200"	"N119MC"	"ZZV-CMH-HTS-CMH-ZZV"	2.3	2	2	0.0	0.0	0	0.0	1.2	2.3	0.0	2.3	0.0	0.0	0.0	"Sports Medicine with Dave Schluep"
"09/24/08"	"F90"	"N118MJ"	"ZZV-AOH-XNA"	3.5	1	1	0.5	0.0	0	0.0	2.7	3.5	0.0	3.5	0.0	0.0	0.0	"Overnight to Fayetteville Arkansas with Dave Schluep"
"09/25/08"	"F90"	"N118MJ"	"XNA-AOH-ZZV"	3.5	2	0	0.0	0.0	0	0.0	0.0	3.5	0.0	3.5	0.0	0.0	0.0	"Return"
"09/27/08"	"C550"	"N485AK"	"CMH-MGW-MDT-CMH-PIA-CMH"	4.7	1	1	0.2	0.0	0	0.0	1.1	4.7	0.0	2.3	2.4	0.0	0.0	
"10/05/08"	"B200"	"N127MJ"	"ZZV-CMH-ROA-CMH"	2.7	2	0	0.0	0.0	0	0.0	0.0	2.7	0.0	1.5	1.2	0.0	0.0	"Roanoke with Elizabeth Swingle"
"10/06/08"	"C550"	"N127JJ"	"ZZV-AGC-BKL-AGC-ZZV"	2.5	0	1	0.0	0.0	0	0.0	2.5	2.5	0.0	0.6	1.9	0.0	0.0	"VOYAGER trip with Joel"
"10/11/08"	"B200"	"N119MC"	"ZZV-AGC-CRW-AGC-ZZV"	3.0	0	4	0.0	0.0	0	0.0	3.0	3.0	0.0	3.0	0.0	0.0	0.0	"Voyager trip with Joel"
"10/13/08"	"B200"	"N127MJ"	"CRW-BKL-CRW-BKL-ZZV"	2.8	3	0	0.0	0.0	0	0.0	0.0	2.8	0.0	2.0	0.8	0.0	0.0	"With Jason.  Great Wx, smooth flight."
"10/14/08"	"B200"	"N127MJ"	"ZZV-BKL-CRW-BKL-CRW-ZZV"	4.7	5	0	0.2	0.0	0	0.0	0.2	4.7	0.0	4.7	0.0	0.0	0.0	"With John Downing.  Good Wx (wind picked up on final legs)."
"10/17/08"	"C550"	"N127JJ"	"ZZV-LEX-AGC-ZZV"	3.0	0	0	0.0	0.0	0	0.0	0.0	3.0	0.0	0.0	3.0	0.0	0.0	"With Aaron Z"
"10/22/08"	"C550"	"N127JJ"	"ZZV-CMH-ORL-ZZV"	5.4	0	0	0.0	0.0	0	0.0	4.9	5.4	0.0	0.0	5.4	0.0	0.0	"With Aaron Z"
"10/23/08"	"C550"	"N127JJ"	"ZZV-AGC-HSV-AGC-ZZV"	5.0	2	0	0.0	0.0	0	0.0	3.0	5.0	0.0	4.0	1.0	0.0	0.0	"Medical trip with Marty.."
"10/27/08"	"C310R"	"N626TM"	"MCO-ZZV"	4.0	1	0	0.2	0.0	0	0.0	0.0	4.0	0.0	4.0	0.0	0.0	0.0	
"10/27/08"	"CE550-SIM"	"CE550SIM"	"MIA"	1.5	0	2	0.0	1.0	2	1.5	1.5	0.0	0.0	0.0	1.5	0.0	0.0	"Pt135 SIC Checkride"
"10/28/08"	"B200"	"N127MJ"	"ZZV-HTS-LUK-BNA-LUK-HTS-ZZV"	5.2	6	0	0.2	0.0	0	0.0	0.0	5.2	0.0	5.2	0.0	0.0	0.0	"Nashville with John Downing"
"10/29/08"	"B200"	"N127MJ"	"HTS-LUK-CPS"	2.4	2	0	0.2	0.0	0	0.0	0.0	2.4	0.0	2.4	0.0	0.0	0.0	"St Louis with Aaron Zieber"
"10/31/08"	"B200"	"N127MJ"	"CPS-LUK-HTS-ZZV"	2.9	1	0	0.1	0.0	0	0.0	0.0	2.9	0.0	0.7	2.2	0.0	0.0	"Return from St Louis"
"11/02/08"	"B200"	"N119MC"	"ZZV-CMH-ROA-CMH-ZZV"	3.1	2	0	0.2	0.0	0	0.0	0.0	3.1	0.0	3.1	0.0	0.0	0.0	"Roanoke with Jim Aslanides"
"11/04/08"	"B200"	"N119MC"	"ZZV-CAK-MQJ-CAK-ZZV"	4.2	3	1	0.2	0.0	0	0.0	0.2	4.2	0.0	4.2	0.0	0.0	0.0	"With John Downing"
"11/06/08"	"B200"	"N119MC"	"AGC-ELM-AGC-ELM-AGC-ZZV"	4.5	2	1	0.2	0.0	0	0.0	2.0	4.5	0.0	2.5	2.0	0.0	0.0	"Voyager Medical Trip with Mike Marshall"
"11/09/08"	"B200"	"N119MC"	"ZZV-CMH-ROA-CMH"	2.8	2	0	0.3	0.0	1	0.0	1.1	2.8	0.0	1.6	1.1	0.0	0.0	"With Aaron Zieber"
"11/21/08"	"B200"	"N127MJ"	"ZZV-CMH-HTS-CMH"	2.0	1	1	0.3	0.0	0	0.0	0.5	2.0	0.0	1.2	0.0	0.0	0.0	"Sports Medicine to Huntington WV with Aaron Zieber"
"11/23/08"	"B200"	"N127MJ"	"AGC-CRW-AGC-ZZV"	2.5	0	2	0.0	0.0	0	0.0	2.5	2.5	0.0	1.6	0.9	0.0	0.0	"Voyager Medical flight with Elizabeth Swingle."
"12/03/08"	"B200"	"N119MC"	"ZZV-RDU-ATL-ZZV"	4.9	1	1	0.0	0.0	0	0.0	0.5	4.9	0.0	3.1	1.8	0.0	0.0	"Air Ambulance Flight with Aaron Zieber"
"12/04/08"	"F90"	"N118MJ"	"CMH-PSF"	1.6	1	0	0.0	0.0	0	0.0	0.0	0.0	0.0	0.0	1.6	0.0	0.0	"With Aaron Zieber"
"12/05/08"	"F90"	"N118MJ"	"PSF-CMH-ZZV"	3.1	2	0	0.5	0.0	0	0.0	0.0	3.1	0.0	3.1	0.0	0.0	0.0	"Return"
"12/09/08"	"B200"	"N127MJ"	"ZZV-CMH-PWA"	4.8	2	0	3.0	0.0	2	0.0	0.0	4.8	0.0	4.8	0.0	0.0	0.0	"With John Downing. Strong winds.  ILS 28L @ CMH, ILS35R @ PWA"
"12/10/08"	"B200"	"N127MJ"	"PWA-CMH-ZZV"	3.5	0	2	0.8	0.0	1	0.0	3.5	3.5	0.0	3.5	0.0	0.0	0.0	"Return - better conditions and a tailwind."
"12/15/08"	"B200"	"N127MJ"	"ZZV-MSP-BJI-ZZV"	6.9	2	1	0.2	0.0	0	0.0	2.4	6.9	0.0	5.8	1.1	0.0	0.0	"Pop up trip to Minnesota (extremely cold).. with Mike Marshall"
"12/17/08"	"C550"	"N127JJ"	"ZZV-CMH-RDU-MLB"	3.6	0	0	0.0	0.0	0	0.0	0.0	3.6	0.0	0.0	3.6	0.0	0.0	"Honda trip with Aaron"
"12/18/08"	"C550"	"N127JJ"	"MLB-ATL-RDU-CMH-ZZV"	5.3	0	0	0.0	0.0	0	0.0	0.0	5.3	0.0	0.0	5.3	0.0	0.0	"Return"
"12/20/08"	"B200"	"N127MJ"	"ZZV-AGC-ELM-AGC-ZZV"	3.2	0	2	0.5	0.0	2	0.0	3.2	3.2	0.0	3.2	0.0	0.0	0.0	"Medical Flight with Jim Aslanides"
"12/21/08"	"B200"	"N127MJ"	"ZZV-ELM-AGC"	2.7	2	0	0.5	0.0	0	0.0	0.0	0.0	0.0	1.6	1.1	0.0	0.0	"Medical flight with Jason Baird.  Windy and cold."
"12/24/08"	"B200"	"N119MC"	"ZZV-ZZV"	1.7	1	0	1.5	0.0	1	0.0	0.0	1.7	0.0	1.7	0.0	0.0	0.0	"Medical Trip.  Turned back due to failed pitot heat and resulting blocked pitot tube."
"12/24/08"	"B200"	"N127MJ"	"ZZV-IND-SBN-IND-ZZV"	4.0	2	2	0.8	0.0	0	0.0	1.7	4.0	0.0	4.0	0.0	0.0	0.0	"Medical Trip with John Downing (originally scheduled in N119MC)"
"12/28/08"	"C550"	"N127JJ"	"ZZV-AGC-ZZV"	1.5	1	1	0.0	0.5	1	0.0	0.8	1.5	0.0	1.5	0.0	0.0	0.0	"Medical Trip with Marty.  Trip scrubbed due to crew duty time after several delays."
"01/04/09"	"F90"	"N118MJ"	"IND-EVV-IND-ZZV"	3.2	0	2	0.5	0.0	1	0.0	3.2	3.2	0.0	1.8	1.4	0.0	0.0	"Medical Trip with Elizabeth.  Diverted to EVV due to weather.   ILS 5L @ IND"
"01/11/09"	"B200"	"N127MJ"	"CMH-AOH-CMH-ZZV"	1.8	0	2	0.5	0.0	2	0.0	1.8	1.8	0.0	1.1	0.7	0.0	0.0	"Medical Trip with Mike Marshall - ILS 28L@CMH VOR/GPS 04 ZZV"
"01/13/09"	"C550"	"N127JJ"	"CMH-ILM-FRG-CMH"	5.2	0	0	0.0	0.0	0	0.0	3.6	5.2	0.0	0.0	5.2	0.0	0.0	"Scotts with Marty Drummond.  Clocked 542 Kts Groundspeed !"
"01/17/09"	"B200"	"N127MJ"	"ZZV-AGC-CRW-AGC-ZZV"	3.0	0	4	0.0	0.0	0	0.0	3.0	3.0	0.0	3.0	0.0	0.0	0.0	"Medical Trip with Joel.  Cold night (-26C at ZZV)"
"01/18/09"	"B200"	"N127MJ"	"ZZV-CMH-ROA-CMH-ZZV"	3.3	3	1	0.0	0.0	0	0.0	0.5	3.3	0.0	3.3	0.0	0.0	0.0	"Roanoke with Joel Downing"
"01/19/09"	"C550"	"N485AK"	"CMH-ISM-CMH"	5.0	0	0	0.0	0.0	0	0.0	0.0	5.0	0.0	0.0	5.0	0.0	0.0	"AKSM"
"01/25/09"	"B200"	"N127MJ"	"ZZV-AGC-ERI-AGC-ZZV"	2.9	0	2	0.3	0.0	0	0.0	1.3	2.9	0.0	2.0	0.9	0.0	0.0	"Medical Flight with Jim Aslanides."
"01/28/09"	"B200"	"N127MJ"	"ZZV-IND-FWA-IND-CM"	3.2	2	2	0.3	0.0	1	0.0	1.8	3.2	0.0	3.2	0.0	0.0	0.0	"Medical Transplant Team with John Downing.  ILS28L @ CMH"
"01/30/09"	"C550"	"N485AK"	"CMH-AGS-FXE-CMH"	6.6	0	0	0.0	0.0	0	0.0	5.5	6.6	0.0	0.0	6.6	0.0	0.0	"AKSM"
"02/02/09"	"C550"	"N485AK"	"CMH-FXE-AGS-CMH"	6.6	0	0	0.0	0.0	0	0.0	2.0	6.6	0.0	0.0	6.6	0.0	0.0	"AKSM"
"02/04/09"	"B200"	"N127MJ"	"ZZV-I40-ZZV"	1.0	2	0	0.0	0.5	3	0.0	0.0	0.0	0.0	1.0	0.0	0.0	0.0	"Pt135 PIC Checkride.    Had to shut down #1 Engine for landing due to fuel control issue."
"02/21/09"	"B200"	"N119MC"	"ZZV-IND-EVV-IND-ZZV"	3.8	1	1	0.3	0.0	0	0.0	1.1	3.8	0.0	2.0	1.8	0.0	0.0	"Medical Flight with Jim Aslinides."
"02/22/09"	"B200"	"N119MC"	"ZZV-CMH-ROA-CMH-ZZV"	3.6	4	0	0.7	0.0	1	0.0	0.0	3.6	0.0	3.6	0.0	0.0	0.0	"With Sarah Dudeck.  ZZV like an ice rink on departure.  Other than that good trip."
"02/23/09"	"B200"	"N119MC"	"ZZV-AGC-BLF-AGC-ZZV"	3.4	0	2	0.1	0.0	0	0.0	3.4	3.4	0.0	2.1	1.3	0.0	0.0	"Medical Trip with Jim Aslanides."
"03/04/09"	"F90"	"N118MJ"	"ZZV-OSU-CYKZ-CAK-OSU-ZZV"	4.6	2	0	0.0	0.0	0	0.0	0.0	4.6	0.0	2.8	1.8	0.0	0.0	"With Jim Aslanides"
"03/08/09"	"B200"	"N119MC"	"ZZV-ROA-CMH-ROA"	2.8	1	2	0.3	0.0	0	0.0	1.8	2.8	0.0	2.8	0.0	0.0	0.0	"Rescue trip after 127MJ broke at ROA.  Windy and bumpy.  Tanner's 1st trip."
"03/12/09"	"C550"	"N485AK"	"CMH-CMH"	0.8	0	0	0.0	0.0	0	0.0	0.0	0.0	0.0	0.0	0.8	0.0	0.0	"Test Flight after Phase Instpections"
"03/18/09"	"C550"	"N485AK"	"CMH-OCF-CMH"	4.5	0	0	0.0	0.0	0	0.0	0.0	4.5	0.0	0.0	4.5	0.0	0.0	"With Dick Cole"
"03/20/09"	"B200"	"N119MC"	"ZZV-CAK-BUF-CAK"	2.5	2	0	0.0	0.0	0	0.0	0.0	2.5	0.0	1.5	1.0	0.0	0.0	"with Jim Aslanides"
"03/22/09"	"B200"	"N119MC"	"ZZV-CMH-ROA-CMH"	2.8	2	1	0.0	0.0	0	0.0	0.5	2.8	0.0	1.6	1.2	0.0	0.0	"Last ZA trip? Very calm and clear.  2 nice landings.  With Elizabeth."
"03/27/09"	"C550"	"N485AK"	"CMH-JZI"	1.8	0	0	0.0	0.0	0	0.0	0.0	1.8	0.0	0.0	1.8	0.0	0.0	"Positioning flight for early morning departure.  Charleston SC with Eric"
"03/28/09"	"C550"	"N485AK"	"JZI-CMH-PIA-CMH"	4.6	0	0	0.0	0.0	0	0.0	0.5	4.6	0.0	0.0	4.6	0.0	0.0	"Missed twice at HTS before continuing on to CMH.  With Eric."
"03/29/09"	"C550"	"N485AK"	"CMH-JZI-CMH"	3.6	0	0	0.0	0.0	0	0.0	0.0	3.6	0.0	0.0	3.6	0.0	0.0	"Drop off with Eric"
"04/09/09"	"C550"	"N485AK"	"CMH-LIT-CMH"	4.0	0	0	0.0	0.0	0	0.0	2.0	4.0	0.0	0.0	4.0	0.0	0.0	"AKSM.    Little Rock (AR) with Eric Lint.  1st 'Contract' Flight"
"04/13/09"	"B200"	"N119MC"	"ZZV-IND-EKM-IND-ZZV"	4.0	3	1	1.1	0.0	2	0.0	1.0	4.0	0.0	4.0	0.0	0.0	0.0	"Medical Flight with Joel Downing. ILS32@IND GPS9@EKM"
"04/19/09"	"B200"	"N119MC"	"ZZV-AGC-CRW-AGC"	2.3	0	2	0.3	0.0	0	0.0	1.4	2.3	0.0	1.4	0.9	0.0	0.0	"Medical Trip with Mike Marshall"
"04/24/09"	"C550"	"N485AK"	"CMH-HPN-CMH"	3.6	0	0	0.0	0.0	0	0.0	0.0	3.6	0.0	0.0	3.6	0.0	0.0	"AKSM with Eric Lint."
"04/26/09"	"B200"	"N119MC"	"ZZV-AOO-AGC-ZZV"	3.2	2	1	0.2	0.0	0	0.0	0.9	3.2	0.0	3.2	0.0	0.0	0.0	"Medical flight with Joel Downing"
"05/04/09"	"C550"	"N485AK"	"CMH-TTN-CMH"	3.0	0	0	0.0	0.0	0	0.0	1.5	3.0	0.0	0.0	3.0	0.0	0.0	"Trenton NJ with Eric"
"05/06/09"	"F90"	"N118MJ"	"ZZV-OSU-CNB9"	2.1	2	0	0.5	0.0	1	0.0	0.0	2.1	0.0	2.1	0.0	0.0	0.0	"Honda with jim Aslanides"
"05/07/09"	"F90"	"N118MJ"	"CNB9-CAK-OSU"	2.0	2	0	0.0	0.0	0	0.0	0.0	2.0	0.0	0.0	2.0	0.0	0.0	"Return Flight with Jim Aslanides"
"05/10/09"	"B200"	"N127MJ"	"ZZV-AGC-CRW-AGC"	2.5	0	2	0.2	0.0	0	0.0	2.5	2.5	0.0	0.9	1.6	0.0	0.0	"Medical trip with Aaron"
"05/22/09"	"B200"	"N119MC"	"ZZV-IND-FWA-VPZ-FWA-IND-ZZV"	4.6	5	1	0.5	0.0	0	0.0	0.8	4.6	0.0	4.6	0.0	0.0	0.0	"Medical trip with Danny Downing."
"06/03/09"	"F90"	"N118MJ"	"ZZV-AOO-ZZV"	1.8	1	0	0.8	0.0	1	0.0	0.0	1.8	0.0	1.8	0.0	0.0	0.0	"With John Downing.  Trip cancelled (liver no good) when on approach to AOO"
"06/12/09"	"C550"	"N485AK"	"CMH-DAL-TUS-CMH"	9.8	0	0	0.0	0.0	0	0.0	0.0	9.8	0.0	0.0	9.8	0.0	0.0	"Dallas and Tucson with Eric Lint.  Long day but it was a great trip."
"06/26/09"	"CE550-SIM"	"CE550SIM"	"JFK-JFK"	4.0	0	3	0.0	1.5	3	0.0	4.0	0.0	0.0	2.0	2.0	0.0	0.0	"Citation II Recurrent Training @ SIMCOM Instructor Jim Boyd"
"06/27/09"	"CE550-SIM"	"CE550SIM"	"JFK-JFK"	4.0	0	3	0.0	1.5	3	0.0	3.0	0.0	0.0	2.0	2.0	0.0	0.0	"Citation II Recurrent Training @ SIMCOM Instructor Jim Boyd (Day 2)"
"07/06/09"	"C550"	"N127JJ"	"ZZV-PIT-IPT-ZZV"	2.6	2	0	0.2	0.0	0	0.0	0.0	2.6	0.0	1.8	0.8	0.0	0.0	"Charter with Marty Drummond"
"07/10/09"	"B200"	"N119MC"	"ZZV-CMH-RHI-ZZV"	4.7	3	0	1.2	0.0	0	0.0	0.0	4.7	0.0	4.7	0.0	0.0	0.0	"Rhinelander WI with Danny Downing."
