Date	Aircraft Type	Aircraft Ident	Route of Flight	Time in Flight	Day Landings	Night Landings	Instrument	Simulated Instrument	Approaches	Simulator	Night	Cross Country	Solo	Pilot in Command	Second in Command	Dual	As Instructor	Remarks
"03/19/07"	"DA20-C1-Eclipse"	"N352DC"	"FFC 4A7 FFC"	1.0	3	0	0.0	0.0	0	0.0	0.0	0.0	0.0	0.0	0.0	1.0	0.0	
"03/26/07"	"C152"	"N152SM"	"VDF"	1.0	3	0	0.0	0.0	0	0.0	0.0	0.0	0.0	0.0	0.0	1.0	0.0	
"03/28/07"	"PA28-161"	"N4345C"	"TPF"	1.0	1	0	0.0	0.0	0	0.0	0.0	0.0	0.0	0.0	0.0	1.0	0.0	
"11/26/07"	"PA28-161"	"N18PE"	"GIF"	1.1	1	0	0.0	0.0	0	0.0	0.0	0.0	0.0	0.0	0.0	1.1	0.0	
"11/26/07"	"PA28-161"	"N18PE"	"GIF"	1.5	7	0	0.0	0.0	0	0.0	0.0	0.0	0.0	0.0	0.0	1.5	0.0	
"11/26/07"	"PA28-161"	"N18PE"	"GIF-"	1.8	8	0	0.0	0.0	0	0.0	0.0	0.0	0.0	0.0	0.0	1.8	0.0	
"11/27/07"	"PA28-161"	"N18PE"	"GIF-"	0.9	9	0	0.0	0.0	0	0.0	0.0	0.0	0.0	0.0	0.0	0.9	0.0	
"11/27/07"	"PA28-161"	"N18PE"	"GIF-BOW"	1.3	9	0	0.0	0.0	0	0.0	0.0	0.0	0.0	0.0	0.0	1.3	0.0	
"11/27/07"	"PA28-161"	"N18PE"	"GIF"	1.1	4	0	0.0	0.8	0	0.0	0.0	0.0	0.0	0.0	0.0	1.1	0.0	
"11/27/07"	"PA28-161"	"N18PE"	"GIF-"	0.7	7	0	0.0	0.0	0	0.0	0.0	0.0	0.0	0.0	0.0	0.7	0.0	
"11/27/07"	"PA28-161"	"N18PE"	"GIF-"	1.1	0	7	0.0	0.0	0	0.0	1.0	0.0	0.0	0.0	0.0	1.1	0.0	
"11/28/07"	"PA28-161"	"N18PE"	"GIF-"	1.2	8	0	0.0	0.0	0	0.0	0.0	0.0	0.0	0.0	0.0	1.2	0.0	
"11/28/07"	"PA28-161"	"N18PE"	"GIF-"	0.9	7	0	0.0	0.0	0	0.0	0.0	0.0	0.6	0.6	0.0	0.3	0.0	"FIRST SOLO"
"11/28/07"	"PA28-161"	"N18PE"	"GIF-"	1.3	12	0	0.0	0.0	0	0.0	0.0	0.0	1.3	1.3	0.0	0.0	0.0	
"11/29/07"	"C150L"	"N5307Q"	"GIF-"	1.1	4	0	0.0	0.0	0	0.0	0.0	0.0	0.0	0.0	0.0	1.1	0.0	
"11/29/07"	"PA28-161"	"N18PE"	"GIF-PGD SEF"	2.3	4	0	0.0	0.0	0	0.0	0.0	2.3	0.0	0.0	0.0	2.3	0.0	
"11/29/07"	"PA28-161"	"N18PE"	"GIF"	0.6	2	4	0.0	0.0	0	0.0	0.4	0.0	0.0	0.0	0.0	0.6	0.0	
"11/30/07"	"PA28-161"	"N18PE"	"GIF-"	0.6	0	0	0.0	0.0	0	0.0	0.0	0.0	0.0	0.0	0.0	0.6	0.0	
"12/01/07"	"PA28-161"	"N18PE"	"GIF-PGD-SEF-CHN-GIF"	3.0	4	0	0.0	0.0	0	0.0	0.0	3.0	3.0	3.0	0.0	0.0	0.0	
"12/01/07"	"PA28-161"	"N18PE"	"GIF-OCF-GIF"	2.0	2	0	0.0	0.0	0	0.0	0.0	2.0	2.0	2.0	0.0	0.0	0.0	
"12/01/07"	"PA28-161"	"N18PE"	"GIF-OCF-GIF"	2.0	0	2	0.0	0.0	0	0.0	2.0	2.0	0.0	0.0	0.0	2.0	0.0	
"12/02/07"	"PA28-161"	"N18PE"	"GIF-LAL-BOW-GIF"	2.2	10	0	0.0	0.0	0	0.0	0.0	0.0	2.2	2.2	0.0	0.0	0.0	
"12/02/07"	"PA28-161"	"N18PE"	"GIF-"	2.7	5	0	0.0	0.0	0	0.0	0.0	0.0	2.7	2.7	0.0	0.0	0.0	
"12/03/07"	"PA28-161"	"N18PE"	"GIF-"	1.2	8	0	0.0	0.0	0	0.0	0.0	0.0	1.2	1.2	0.0	0.0	0.0	
"12/03/07"	"PA28-161"	"N18PE"	"GIF-"	1.4	3	0	0.0	1.2	0	0.0	0.0	0.0	0.0	0.0	0.0	1.4	0.0	
"12/03/07"	"PA28-161"	"N18PE"	"GIF-"	1.2	0	0	0.0	0.5	0	0.0	0.0	0.0	0.0	0.0	0.0	1.2	0.0	
"12/04/07"	"PA28-161"	"N18PE"	"GIF-LAL"	2.0	6	0	0.0	0.5	0	0.0	0.0	0.0	0.0	0.0	0.0	2.0	0.0	
"12/04/07"	"PA28-161"	"N18PE"	"GIF-LAL"	1.0	8	0	0.0	0.0	0	0.0	0.0	0.0	0.0	0.0	0.0	1.0	0.0	
"12/04/07"	"PA28-161"	"N18PE"	"GIF"	1.0	6	0	0.0	0.0	0	0.0	0.0	0.0	1.0	1.0	0.0	0.0	0.0	
"12/05/07"	"PA28-161"	"N18PE"	"GIF-"	1.4	5	0	0.0	0.0	0	0.0	0.0	0.0	0.0	1.4	0.0	0.0	0.0	"PPL CHECK RIDE- PASSED"
"12/07/07"	"C150L"	"N5307Q"	"GIF-VIN-GIF"	4.0	2	0	0.0	0.0	0	0.0	0.0	4.0	0.0	4.0	0.0	0.0	0.0	
"12/15/07"	"C172M"	"N13134"	"KFAY"	1.0	5	0	0.0	0.0	0	0.0	0.0	0.0	0.0	1.0	0.0	1.0	0.0	
"12/17/07"	"DA20-C1-Eclipse"	"N384DC"	"KFAY-"	1.2	2	0	0.0	0.0	0	0.0	0.0	0.0	0.0	1.2	0.0	1.2	0.0	
"12/17/07"	"C172M"	"N13134"	"KFAY-KHKY-KFAY"	3.6	0	2	0.0	0.0	0	0.0	1.8	3.6	0.0	3.6	0.0	0.0	0.0	
"12/24/07"	"C172M"	"N13134"	"KFAY-KJGG-KFAY"	4.1	3	0	0.0	0.0	0	0.0	0.0	4.1	0.0	4.1	0.0	0.0	0.0	
"12/27/07"	"C172M"	"N13134"	"KFAY-KBBP-KFAY"	1.8	3	0	0.0	0.0	0	0.0	0.0	1.8	0.0	1.8	0.0	0.0	0.0	
"01/12/08"	"M20F"	"N811SS"	"KFAY-3A4-5W8-MEB-EYF"	4.0	20	0	0.0	0.0	0	0.0	0.0	0.0	0.0	4.0	0.0	4.0	0.0	
"01/17/08"	"M20F"	"N811SS"	"KFAY-9W9"	2.0	2	0	0.0	0.0	0	0.0	0.0	0.0	0.0	2.0	0.0	2.0	0.0	
"01/17/08"	"M20F"	"N811SS"	"KFAY-KFFA-KFAY"	4.0	1	1	0.0	0.0	0	0.0	1.5	4.0	0.0	4.0	0.0	4.0	0.0	
"01/20/08"	"M20F"	"N811SS"	"KFFA-KFFC"	2.7	1	0	0.0	0.0	0	0.0	0.0	2.7	0.0	2.7	0.0	0.0	0.0	"MAJ Fivian to pick up GF.  Headwind"
"01/20/08"	"M20F"	"N811SS"	"KFFC-KFAY"	2.2	1	0	0.0	0.0	0	0.0	0.0	2.2	0.0	2.2	0.0	0.0	0.0	"Return Trip w/MAJ Fivian and Katherine"
"01/21/08"	"M20F"	"N811SS"	"KFAY-KEYF"	0.2	1	0	0.0	0.0	0	0.0	0.0	0.0	0.0	0.2	0.0	0.0	0.0	"FUEL RUN"
"01/21/08"	"M20F"	"N811SS"	"KEYF-5W8"	0.7	1	0	0.0	0.0	0	0.0	0.0	0.7	0.0	0.7	0.0	0.0	0.0	
"01/21/08"	"M20F"	"N811SS"	"5W8-KFAY"	0.5	1	0	0.0	0.0	0	0.0	0.0	0.5	0.0	0.5	0.0	0.0	0.0	
"01/21/08"	"M20F"	"N811SS"	"KFAY-KEQY"	0.7	1	0	0.0	0.0	0	0.0	0.0	0.7	0.0	0.7	0.0	0.0	0.0	"Meet Andrew for lunch"
"01/21/08"	"M20F"	"N811SS"	"KEQY-KFAY"	0.7	1	0	0.0	0.0	0	0.0	0.0	0.7	0.0	0.7	0.0	0.0	0.0	
"01/26/08"	"M20F"	"N811SS"	"KFAY-KIGX"	0.6	1	0	0.0	0.0	0	0.0	0.0	0.6	0.0	0.6	0.0	0.0	0.0	
"01/26/08"	"M20F"	"N811SS"	"KIGX-KEYF"	0.7	1	0	0.0	0.0	0	0.0	0.0	0.7	0.0	0.7	0.0	0.0	0.0	
"01/26/08"	"M20F"	"N811SS"	"KEYF-KFAY"	0.3	1	0	0.0	0.0	0	0.0	0.0	0.0	0.0	0.3	0.0	0.0	0.0	
"01/27/08"	"M20F"	"N811SS"	"KFAY-KSUT"	0.8	1	0	0.0	0.0	0	0.0	0.0	0.8	0.0	0.8	0.0	0.0	0.0	
"01/27/08"	"M20F"	"N811SS"	"KSUT-KGGE"	0.8	1	0	0.0	0.0	0	0.0	0.0	0.8	0.0	0.8	0.0	0.0	0.0	
"01/27/08"	"M20F"	"N811SS"	"KGGE-KEYF"	0.8	1	0	0.0	0.0	0	0.0	0.0	0.8	0.0	0.8	0.0	0.0	0.0	
"01/27/08"	"M20F"	"N811SS"	"KEYF-KFAY"	0.3	1	0	0.0	0.0	0	0.0	0.0	0.0	0.0	0.3	0.0	0.0	0.0	
"01/30/08"	"M20F"	"N811SS"	"KFAY-KCRE"	0.6	0	1	0.0	0.0	0	0.0	0.6	0.6	0.0	0.6	0.0	0.0	0.0	"FULL STOP NIGHT LANDING"
"01/30/08"	"M20F"	"N811SS"	"KCRE-KFAY"	0.8	0	2	0.0	0.0	0	0.0	0.8	0.8	0.0	0.8	0.0	0.0	0.0	"2 FULL STOP NIGHT LANDINGS"
"02/02/08"	"M20F"	"N811SS"	"KFAY-"	0.5	1	0	0.0	0.0	0	0.0	0.0	0.0	0.0	0.5	0.0	0.0	0.0	
"02/02/08"	"M20F"	"N811SS"	"KFAY-KRIC"	1.1	1	0	0.0	0.0	0	0.0	0.0	1.1	0.0	1.1	0.0	0.0	0.0	
"02/02/08"	"M20F"	"N811SS"	"KRIC-KFAY"	1.5	1	0	0.0	0.0	0	0.0	0.0	1.5	0.0	1.5	0.0	0.0	0.0	
"02/02/08"	"M20F"	"N811SS"	"KFAY-KEYF"	0.3	1	0	0.0	0.0	0	0.0	0.0	0.0	0.0	0.3	0.0	0.0	0.0	
"02/02/08"	"M20F"	"N811SS"	"KEYF-KFAY"	0.3	1	0	0.0	0.0	0	0.0	0.0	0.0	0.0	0.3	0.0	0.0	0.0	
"02/03/08"	"M20F"	"N811SS"	"KFAY-KFFC"	2.4	1	0	0.0	0.0	0	0.0	0.0	2.4	0.0	2.4	0.0	0.0	0.0	
"02/03/08"	"M20F"	"N811SS"	"KFFC-KFAY"	1.9	1	0	0.0	0.0	0	0.0	0.0	1.9	0.0	1.9	0.0	0.0	0.0	
"02/08/08"	"M20F"	"N811SS"	"KFAY-KTPF"	3.5	1	0	0.0	0.0	0	0.0	0.0	3.5	0.0	3.5	0.0	0.0	0.0	
"02/09/08"	"M20F"	"N811SS"	"KTPF-KCHN"	0.3	1	0	0.0	0.0	0	0.0	0.0	0.0	0.0	0.3	0.0	0.0	0.0	
"02/09/08"	"M20F"	"N811SS"	"KCHN-KGIF"	0.4	1	0	0.0	0.0	0	0.0	0.0	0.0	0.0	0.4	0.0	0.0	0.0	
"02/09/08"	"M20F"	"N811SS"	"KGIF-KGIF"	0.3	1	0	0.0	0.0	0	0.0	0.0	0.0	0.0	0.3	0.0	0.0	0.0	
"02/09/08"	"M20F"	"N811SS"	"KGIF-KFXE"	1.0	1	0	0.0	0.0	0	0.0	0.0	1.0	0.0	1.0	0.0	0.0	0.0	
"02/09/08"	"M20F"	"N811SS"	"KFXE-KSEF"	0.8	1	0	0.0	0.0	0	0.0	0.0	0.8	0.0	0.8	0.0	0.0	0.0	
"02/09/08"	"M20F"	"N811SS"	"KSEF-KTPF"	0.6	1	0	0.0	0.0	0	0.0	0.0	0.6	0.0	0.6	0.0	0.0	0.0	
"02/10/08"	"M20F"	"N811SS"	"KTPF-73J"	2.2	1	0	0.0	0.0	0	0.0	1.0	2.2	0.0	2.2	0.0	0.0	0.0	
"02/10/08"	"M20F"	"N811SS"	"73J-KFAY"	1.3	1	0	0.0	0.0	0	0.0	0.0	1.3	0.0	1.3	0.0	0.0	0.0	
"02/27/08"	"M20F"	"N212WD"	"KFAY-KEYF"	0.3	1	0	0.0	0.0	0	0.0	0.0	0.0	0.0	0.3	0.0	0.0	0.0	
"02/27/08"	"M20F"	"N212WD"	"KEYF-KFAY"	0.3	1	0	0.0	0.0	0	0.0	0.0	0.0	0.0	0.3	0.0	0.0	0.0	
"02/27/08"	"M20F"	"N212WD"	"KFAY-KDNL"	1.5	0	1	0.0	0.0	0	0.0	0.5	1.5	0.0	1.5	0.0	0.0	0.0	
"02/27/08"	"M20F"	"N212WD"	"KDNL-KFAY"	1.2	0	1	0.0	0.0	0	0.0	1.2	1.2	0.0	1.2	0.0	1.2	0.0	
"03/06/08"	"M20F"	"N811SS"	"KFAY-KFAY"	0.4	1	0	0.0	0.0	0	0.0	0.0	0.0	0.0	0.4	0.0	0.0	0.0	
"03/10/08"	"M20F"	"N212WD"	"KFAY-KEYF-KFAY"	1.1	4	0	0.0	0.0	0	0.0	0.0	0.0	0.0	1.1	0.0	0.0	0.0	
"03/12/08"	"M20F"	"N811SS"	"KFAY-2GC-KFAY"	0.2	2	0	0.0	0.0	0	0.0	0.0	0.0	0.0	0.2	0.0	0.0	0.0	
"03/15/08"	"M20F"	"N811SS"	"KFAY-KFAY"	0.3	1	0	0.0	0.0	0	0.0	0.0	0.0	0.0	0.3	0.0	0.0	0.0	
"03/15/08"	"M20F"	"N811SS"	"KFAY-KFAY"	0.6	1	0	0.0	0.0	0	0.0	0.0	0.0	0.0	0.6	0.0	0.0	0.0	
"03/16/08"	"M20F"	"N811SS"	"KFAY-KFAY"	1.6	1	0	0.0	1.4	0	0.0	0.0	0.0	0.0	1.6	0.0	1.6	0.0	
"03/17/08"	"M20F"	"N811SS"	"KFAY-KFAY"	3.0	1	0	0.0	2.8	7	0.0	0.0	0.0	0.0	3.0	0.0	3.0	0.0	
"03/18/08"	"M20F"	"N811SS"	"KFAY-KFAY"	3.6	1	0	0.0	3.4	6	0.0	0.0	0.0	0.0	3.6	0.0	3.6	0.0	
"03/19/08"	"M20F"	"N811SS"	"KFAY-KCHS"	1.8	1	0	1.0	0.7	1	0.0	0.0	1.8	0.0	1.8	0.0	1.8	0.0	
"03/19/08"	"M20F"	"N811SS"	"KCHS-KFLO"	1.1	1	0	0.6	0.4	1	0.0	0.0	1.1	0.0	1.1	0.0	1.1	0.0	
"03/19/08"	"M20F"	"N811SS"	"KFLO-KFAY"	1.1	1	0	0.4	0.6	1	0.0	0.0	1.1	0.0	1.1	0.0	1.1	0.0	
"03/20/08"	"PCATD"	"PCATD"		0.0	0	0	0.0	0.0	0	3.0	0.0	0.0	0.0	0.0	0.0	0.0	0.0	
"03/21/08"	"PCATD"	"PCATD"		0.0	0	0	0.0	0.0	0	4.0	0.0	0.0	0.0	0.0	0.0	0.0	0.0	
"03/21/08"	"M20F"	"N811SS"	"KFAY-KFLO-KFAY"	3.0	2	0	0.0	2.8	4	0.0	0.0	3.0	0.0	3.0	0.0	3.0	0.0	
"03/22/08"	"PCATD"	"PCATD"		0.0	0	0	0.0	0.0	0	2.0	0.0	0.0	0.0	0.0	0.0	0.0	0.0	
"03/22/08"	"M20F"	"N811SS"	"KFAY"	1.9	0	0	0.0	1.8	0	0.0	0.0	0.0	0.0	1.9	0.0	1.9	0.0	
"03/22/08"	"M20F"	"N811SS"	"KFAY-MAO-KFAY"	3.2	2	0	0.0	3.1	5	0.0	0.0	3.2	0.0	3.2	0.0	3.2	0.0	
"03/23/08"	"M20F"	"N811SS"	"KFAY-HRJ-OAJ"	1.6	2	0	0.0	1.5	2	0.0	0.0	1.0	0.0	1.6	0.0	1.6	0.0	
"03/23/08"	"M20F"	"N811SS"	"OAJ-KFAY"	1.1	1	0	0.0	1.0	1	0.0	0.0	1.1	0.0	1.1	0.0	1.1	0.0	
"03/23/08"	"PCATD"	"PCATD"	"FAY-"	0.0	0	0	0.0	0.0	0	1.0	0.0	0.0	0.0	0.0	0.0	0.0	0.0	
"03/24/08"	"M20F"	"N811SS"	"FAY-ILM-MYR-FLO"	2.5	3	0	0.8	1.6	3	0.0	0.0	2.5	0.0	2.5	0.0	2.5	0.0	
"03/24/08"	"M20F"	"N811SS"	"FLO-FAY"	3.4	1	0	0.0	3.2	4	0.0	0.0	0.0	0.0	3.4	0.0	3.4	0.0	
"03/25/08"	"M20F"	"N811SS"	"FAY-FLO"	0.3	1	0	0.0	0.0	0	0.0	0.0	0.0	0.0	0.3	0.0	0.0	0.0	
"03/25/08"	"M20F"	"N811SS"	"FLO-LOCAL"	1.2	1	0	0.0	1.1	3	0.0	0.0	0.0	0.0	1.2	0.0	0.0	0.0	"IR CHECKRIDE--PASSED"
"03/25/08"	"M20F"	"N811SS"	"FLO-FAY"	0.4	1	0	0.0	0.0	0	0.0	0.0	0.0	0.0	0.4	0.0	0.0	0.0	
"03/26/08"	"M20F"	"N811SS"	"FAY-"	0.8	0	0	0.0	0.0	0	0.0	0.0	0.0	0.0	0.8	0.0	0.0	0.0	
"03/27/08"	"M20F"	"N811SS"	"FAY-"	0.6	0	0	0.0	0.0	0	0.0	0.0	0.0	0.0	0.6	0.0	0.0	0.0	
"03/29/08"	"M20F"	"N811SS"	"KFAY-KEYF"	0.4	1	0	0.2	0.0	0	0.0	0.0	0.0	0.0	0.4	0.0	0.0	0.0	
"03/29/08"	"M20F"	"N811SS"	"KEYF-KHSE"	1.2	1	0	1.0	0.0	0	0.0	0.0	1.2	0.0	1.2	0.0	0.0	0.0	
"03/29/08"	"M20F"	"N811SS"	"KHSE-KFAY"	1.4	1	0	1.2	0.0	0	0.0	0.0	1.4	0.0	1.4	0.0	0.0	0.0	
"03/30/08"	"M20F"	"N811SS"	"KFAY-KFAY"	0.5	1	0	0.4	0.0	1	0.0	0.0	0.0	0.0	0.5	0.0	0.0	0.0	
"04/02/08"	"M20F"	"N811SS"	"KFAY-KFAY"	0.2	1	0	0.0	0.0	1	0.0	0.0	0.0	0.0	0.2	0.0	0.0	0.0	
"04/04/08"	"M20F"	"N811SS"	"KFAY-KMRH"	0.8	1	0	0.3	0.0	1	0.0	0.0	0.8	0.0	0.8	0.0	0.0	0.0	
"04/06/08"	"M20F"	"N811SS"	"KMRH-kfay"	1.2	1	0	0.4	0.0	1	0.0	0.0	1.2	0.0	1.2	0.0	0.0	0.0	
"04/09/08"	"M20F"	"N811SS"	"KFAY-KFAY"	0.3	0	3	0.0	0.0	0	0.0	0.3	0.0	0.0	0.3	0.0	0.0	0.0	
"04/10/08"	"M20F"	"N811SS"	"KFAY-KTPF"	3.4	1	0	0.0	0.0	0	0.0	0.0	3.4	0.0	3.4	0.0	0.0	0.0	
"04/12/08"	"M20F"	"N811SS"	"KTPF-KCHN"	0.4	1	0	0.0	0.0	0	0.0	0.0	0.0	0.0	0.4	0.0	0.0	0.0	
"04/12/08"	"M20F"	"N811SS"	"KCHN-KCDK"	0.9	1	0	0.0	0.0	0	0.0	0.0	0.9	0.0	0.9	0.0	0.0	0.0	
"04/12/08"	"M20F"	"N811SS"	"KCDK-KSPG"	0.9	1	0	0.0	0.0	0	0.0	0.0	0.9	0.0	0.9	0.0	0.0	0.0	
"04/12/08"	"M20F"	"N811SS"	"KSPG-KPBI"	1.1	1	0	0.0	0.0	0	0.0	0.0	1.1	0.0	1.1	0.0	0.0	0.0	
"04/12/08"	"M20F"	"N811SS"	"KPBI-KTPF"	1.3	1	0	0.3	0.0	0	0.0	0.0	1.3	0.0	1.3	0.0	0.0	0.0	
"04/13/08"	"M20F"	"N811SS"	"KTPF-KFAY"	2.9	1	0	0.7	0.0	0	0.0	0.0	2.9	0.0	2.9	0.0	0.0	0.0	
"04/17/08"	"M20F"	"N811SS"	"KFAY-KISP"	3.7	1	0	0.0	0.0	0	0.0	0.0	3.7	0.0	3.7	0.0	0.0	0.0	
"04/18/08"	"M20F"	"N811SS"	"KISP-KMTP"	0.8	1	0	0.0	0.0	0	0.0	0.0	0.8	0.0	0.8	0.0	0.0	0.0	
"04/18/08"	"M20F"	"N811SS"	"KMTP-KBID"	0.3	1	0	0.0	0.0	0	0.0	0.0	0.0	0.0	0.3	0.0	0.0	0.0	
"04/18/08"	"M20F"	"N811SS"	"KBID-KISP"	0.6	1	0	0.0	0.0	0	0.0	0.0	0.6	0.0	0.6	0.0	0.0	0.0	
"04/19/08"	"M20F"	"N811SS"	"KISP-KISP"	0.4	1	0	0.0	0.0	0	0.0	0.0	0.0	0.0	0.4	0.0	0.0	0.0	
"04/19/08"	"M20F"	"N811SS"	"KISP-KALB"	1.0	1	0	0.0	0.0	0	0.0	0.0	1.0	0.0	1.0	0.0	0.0	0.0	
"04/19/08"	"M20F"	"N811SS"	"KALB-KHPN"	0.8	1	0	0.0	0.0	0	0.0	0.0	0.8	0.0	0.8	0.0	0.0	0.0	
"04/19/08"	"M20F"	"N811SS"	"KHPN-KISP"	0.3	1	0	0.0	0.0	0	0.0	0.0	0.0	0.0	0.3	0.0	0.0	0.0	
"04/21/08"	"M20F"	"N811SS"	"KISP-KPVG"	2.3	1	0	1.0	0.0	1	0.0	0.0	2.3	0.0	2.3	0.0	0.0	0.0	
"04/21/08"	"M20F"	"N811SS"	"KPVG-KFAY"	1.2	1	0	0.3	0.0	0	0.0	0.0	1.2	0.0	1.2	0.0	0.0	0.0	
"04/25/08"	"M20F"	"N811SS"	"KFAY-KFFC"	2.1	1	0	0.0	0.0	0	0.0	0.0	2.1	0.0	2.1	0.0	0.0	0.0	
"04/25/08"	"M20F"	"N811SS"	"KFFC-KAUO"	0.5	1	0	0.0	0.0	0	0.0	0.0	0.5	0.0	0.5	0.0	0.0	0.0	
"04/25/08"	"M20F"	"N811SS"	"KAUO-KFFC"	0.6	1	0	0.0	0.0	0	0.0	0.0	0.6	0.0	0.6	0.0	0.0	0.0	
"04/26/08"	"M20F"	"N811SS"	"KFFC-KFAY"	1.9	1	0	0.0	0.0	0	0.0	0.0	1.9	0.0	1.9	0.0	0.0	0.0	
"04/28/08"	"M20F"	"N811SS"	"KFAY-KCKV-KFAY"	3.9	1	0	0.5	0.0	0	0.0	0.0	3.9	0.0	3.9	0.0	0.0	0.0	
"04/29/08"	"M20F"	"N811SS"	"KCKV-KJWN"	0.7	1	0	0.0	0.0	0	0.0	0.0	0.0	0.0	0.7	0.0	0.0	0.0	
"04/29/08"	"M20F"	"N811SS"	"KJWN-KCKV"	0.4	1	0	0.0	0.0	0	0.0	0.0	0.0	0.0	0.4	0.0	0.0	0.0	
"04/30/08"	"M20F"	"N811SS"	"KCKV-KTBN"	2.0	1	0	0.0	0.0	0	0.0	0.0	2.0	0.0	2.0	0.0	0.0	0.0	
"05/03/08"	"M20F"	"N811SS"	"KTBN-K15"	0.5	1	0	0.0	0.0	0	0.0	0.0	0.0	0.0	0.5	0.0	0.0	0.0	
"05/03/08"	"M20F"	"N811SS"	"K15-KTBN"	0.3	1	0	0.0	0.0	0	0.0	0.0	0.0	0.0	0.3	0.0	0.0	0.0	
"05/04/08"	"M20F"	"N811SS"	"KTBN-M17"	0.5	1	0	0.0	0.0	0	0.0	0.0	0.0	0.0	0.5	0.0	0.0	0.0	
"05/04/08"	"M20F"	"N811SS"	"M17-3DW"	0.2	1	0	0.0	0.0	0	0.0	0.0	0.0	0.0	0.2	0.0	0.0	0.0	
"05/04/08"	"M20F"	"N811SS"	"3DW-KTBN"	0.6	1	0	0.0	0.0	0	0.0	0.0	0.6	0.0	0.6	0.0	0.0	0.0	
"05/05/08"	"M20F"	"N811SS"	"KTBN-KJEF"	0.5	1	0	0.0	0.0	0	0.0	0.0	0.5	0.0	0.5	0.0	0.0	0.0	
"05/05/08"	"M20F"	"N811SS"	"KJEF-KTBN"	0.4	1	0	0.0	0.0	0	0.0	0.0	0.4	0.0	0.4	0.0	0.0	0.0	
"05/06/08"	"M20F"	"N811SS"	"KTBN-KVIH"	0.4	1	0	0.0	0.0	0	0.0	0.0	0.0	0.0	0.4	0.0	0.0	0.0	
"05/06/08"	"M20F"	"N811SS"	"KVIH-KTBN"	0.3	1	0	0.0	0.0	0	0.0	0.0	0.0	0.0	0.3	0.0	0.0	0.0	
"05/08/08"	"M20F"	"N811SS"	"KTBN-KVIH-K15-KTBN"	1.1	3	0	1.0	0.0	3	0.0	0.0	0.0	0.0	1.1	0.0	0.0	0.0	
"05/09/08"	"M20F"	"N811SS"	"KTBN-KJEF"	0.5	1	0	0.5	0.0	1	0.0	0.0	0.5	0.0	0.5	0.0	0.0	0.0	
"05/09/08"	"M20F"	"N811SS"	"KJEF-KTBN"	0.4	1	0	0.4	0.0	1	0.0	0.0	0.4	0.0	0.4	0.0	0.0	0.0	
"05/10/08"	"M20F"	"N811SS"	"KTBN-KTBN"	1.1	1	0	0.3	0.0	1	0.0	0.0	0.0	0.0	1.1	0.0	0.0	0.0	
"05/10/08"	"M20F"	"N811SS"	"KTBN-M15"	0.5	1	0	0.2	0.0	1	0.0	0.0	0.0	0.0	0.5	0.0	0.0	0.0	
"05/10/08"	"M20F"	"N811SS"	"M15-KTBN"	0.5	1	0	0.2	0.0	1	0.0	0.0	0.0	0.0	0.5	0.0	0.0	0.0	
"05/14/08"	"M20F"	"N811SS"	"KTBN-K07"	0.3	1	0	0.0	0.0	0	0.0	0.0	0.0	0.0	0.3	0.0	0.0	0.0	
"05/14/08"	"M20F"	"N811SS"	"K07-KTBN"	0.3	1	0	0.0	0.0	0	0.0	0.0	0.0	0.0	0.3	0.0	0.0	0.0	
"05/16/08"	"M20F"	"N811SS"	"KTBN-KSUS"	0.7	1	0	0.0	0.0	0	0.0	0.0	0.7	0.0	0.7	0.0	0.0	0.0	
"05/16/08"	"M20F"	"N811SS"	"KSUS-KTBN"	0.7	1	0	0.0	0.0	0	0.0	0.0	0.7	0.0	0.7	0.0	0.0	0.0	
"05/17/08"	"M20F"	"N811SS"	"KTBN-K81"	1.2	1	0	0.0	0.0	0	0.0	0.0	1.2	0.0	1.2	0.0	0.0	0.0	
"05/17/08"	"M20F"	"N811SS"	"K81-KTBN"	1.0	1	0	0.0	0.0	0	0.0	0.0	1.0	0.0	1.0	0.0	0.0	0.0	
"05/18/08"	"M20F"	"N811SS"	"KTBN-M17"	0.4	1	0	0.0	0.0	0	0.0	0.0	0.0	0.0	0.4	0.0	0.0	0.0	
"05/18/08"	"M20F"	"N811SS"	"M17-KTBN"	0.4	1	0	0.0	0.0	0	0.0	0.0	0.0	0.0	0.4	0.0	0.0	0.0	
"05/21/08"	"M20F"	"N811SS"	"KTBN-KSUS"	0.7	1	0	0.0	0.0	0	0.0	0.0	0.7	0.0	0.7	0.0	0.0	0.0	
"05/21/08"	"M20F"	"N811SS"	"KSUS-KTBN"	0.7	0	1	0.0	0.0	0	0.0	0.7	0.7	0.0	0.7	0.0	0.0	0.0	
"05/23/08"	"M20F"	"N811SS"	"KTBN-KMPG"	3.5	1	0	0.0	0.0	0	0.0	1.2	3.5	0.0	3.5	0.0	0.0	0.0	
"05/23/08"	"M20F"	"N811SS"	"KMPG-KISP"	2.5	1	0	0.0	0.0	0	0.0	0.0	2.5	0.0	2.5	0.0	0.0	0.0	
"05/26/08"	"M20F"	"N811SS"	"KISP-W99"	2.6	1	0	0.0	0.0	0	0.0	0.0	2.6	0.0	2.6	0.0	0.0	0.0	
"05/26/08"	"M20F"	"N811SS"	"W99-4I7"	2.9	1	0	0.0	0.0	0	0.0	0.0	2.9	0.0	2.9	0.0	0.0	0.0	
"05/26/08"	"M20F"	"N811SS"	"4I7-KSTL"	2.5	1	0	0.0	0.0	0	0.0	0.0	2.5	0.0	2.5	0.0	0.0	0.0	
"05/26/08"	"M20F"	"N811SS"	"KSTL-KTBN"	0.8	1	0	0.0	0.0	0	0.0	0.0	0.8	0.0	0.8	0.0	0.0	0.0	
"05/30/08"	"M20F"	"N811SS"	"KTBN-KCKV"	1.6	1	0	0.0	0.0	0	0.0	0.0	1.6	0.0	1.6	0.0	0.0	0.0	
"06/01/08"	"M20F"	"N811SS"	"KCKV-KTBN"	1.9	1	0	0.0	0.0	0	0.0	0.0	1.9	0.0	1.9	0.0	0.0	0.0	
"06/04/08"	"M20F"	"N811SS"	"KTBN-KTBN"	0.7	1	0	0.0	0.0	0	0.0	0.0	0.0	0.0	0.7	0.0	0.0	0.0	
"06/07/08"	"M20F"	"N811SS"	"KTBN-KCPS"	0.8	1	0	0.0	0.0	0	0.0	0.0	0.8	0.0	0.8	0.0	0.0	0.0	
"06/08/08"	"M20F"	"N811SS"	"KCPS-KTBN"	1.1	1	0	0.0	0.0	0	0.0	0.0	1.1	0.0	1.1	0.0	0.0	0.0	
"06/14/08"	"M20F"	"N811SS"	"KTBN-KUUV"	0.5	1	0	0.0	0.0	0	0.0	0.0	0.5	0.0	0.5	0.0	0.0	0.0	
"06/14/08"	"M20F"	"N811SS"	"KUUV-KTBN"	0.5	0	1	0.0	0.0	0	0.0	0.5	0.5	0.0	0.5	0.0	0.0	0.0	
"06/15/08"	"M20F"	"N811SS"	"KTBN-M17"	0.6	1	0	0.0	0.0	0	0.0	0.0	0.0	0.0	0.6	0.0	0.0	0.0	
"06/15/08"	"M20F"	"N811SS"	"M17-KTBN"	0.4	1	0	0.0	0.0	0	0.0	0.0	0.0	0.0	0.4	0.0	0.0	0.0	
"06/29/08"	"M20F"	"N811SS"	"KTBN-M48"	0.3	1	0	0.0	0.0	0	0.0	0.0	0.0	0.0	0.3	0.0	0.0	0.0	
"06/29/08"	"M20F"	"N811SS"	"M48-MO7"	0.5	1	0	0.0	0.0	0	0.0	0.0	0.0	0.0	0.5	0.0	0.0	0.0	
"06/29/08"	"M20F"	"N811SS"	"MO7-KTBN"	0.2	1	0	0.0	0.0	0	0.0	0.0	0.0	0.0	0.2	0.0	0.0	0.0	
"07/12/08"	"M20F"	"N811SS"	"KTBN-KAIZ"	0.3	1	0	0.0	0.0	0	0.0	0.0	0.0	0.0	0.3	0.0	0.0	0.0	
"07/12/08"	"M20F"	"N811SS"	"KAIZ-KTBN"	0.3	1	0	0.0	0.0	0	0.0	0.0	0.0	0.0	0.3	0.0	0.0	0.0	
"07/13/08"	"M20F"	"N811SS"	"KTBN-KLBO"	0.3	1	0	0.0	0.0	0	0.0	0.0	0.0	0.0	0.3	0.0	0.0	0.0	
"07/13/08"	"M20F"	"N811SS"	"KLBO-KTBN"	0.8	1	0	0.0	0.0	0	0.0	0.0	0.0	0.0	0.8	0.0	0.0	0.0	
"07/16/08"	"M20F"	"N811SS"	"KTBN-KTBN"	0.3	1	0	0.0	0.0	0	0.0	0.0	0.0	0.0	0.3	0.0	0.0	0.0	
"07/20/08"	"M20F"	"N811SS"	"KTBN-3MO"	0.8	1	0	0.0	0.0	0	0.0	0.0	0.8	0.0	0.8	0.0	0.0	0.0	
"07/20/08"	"M20F"	"N811SS"	"3MO-KTBN"	0.7	1	0	0.0	0.0	0	0.0	0.0	0.7	0.0	0.7	0.0	0.0	0.0	
"07/26/08"	"M20F"	"N811SS"	"KTBN-KCPS"	0.9	1	0	0.0	0.0	0	0.0	0.0	0.9	0.0	0.9	0.0	0.0	0.0	
"07/26/08"	"M20F"	"N811SS"	"KCPS-KTBN"	0.9	0	1	0.0	0.0	0	0.0	0.9	0.9	0.0	0.9	0.0	0.0	0.0	
"08/01/08"	"M20F"	"N811SS"	"KTBN-KSTL"	0.9	1	0	0.0	0.0	0	0.0	0.0	0.9	0.0	0.9	0.0	0.0	0.0	
"08/04/08"	"M20F"	"N811SS"	"KSTL-KTBN"	0.9	0	1	0.0	0.0	0	0.0	0.9	0.9	0.0	0.9	0.0	0.0	0.0	
"08/08/08"	"M20F"	"N811SS"	"KTBN-KTBN"	0.5	1	0	0.0	0.0	0	0.0	0.0	0.0	0.0	0.5	0.0	0.0	0.0	
"08/09/08"	"M20F"	"N811SS"	"KTBN-3DW"	0.6	1	0	0.0	0.0	0	0.0	0.0	0.6	0.0	0.6	0.0	0.0	0.0	
"08/09/08"	"M20F"	"N811SS"	"3DW-KTBN"	0.6	1	0	0.0	0.0	0	0.0	0.0	0.6	0.0	0.6	0.0	0.0	0.0	
"08/10/08"	"M20F"	"N811SS"	"KTBN-KDXE"	1.0	1	0	0.0	0.0	0	0.0	0.0	1.0	0.0	1.0	0.0	0.0	0.0	
"08/10/08"	"M20F"	"N811SS"	"KDXE-KSIK"	0.2	1	0	0.0	0.0	0	0.0	0.0	0.0	0.0	0.2	0.0	0.0	0.0	
"08/10/08"	"M20F"	"N811SS"	"KSIK-KTBN"	1.0	1	0	0.0	0.0	0	0.0	0.0	1.0	0.0	1.0	0.0	0.0	0.0	
"08/15/08"	"M20F"	"N811SS"	"KTBN-3DW"	0.5	1	0	0.2	0.0	0	0.0	0.0	0.5	0.0	0.5	0.0	0.0	0.0	
"08/16/08"	"M20F"	"N811SS"	"3DW-H21"	0.5	1	0	0.0	0.0	0	0.0	0.0	0.5	0.0	0.5	0.0	0.0	0.0	
"08/16/08"	"M20F"	"N811SS"	"H21-KTBN"	0.3	1	0	0.0	0.0	0	0.0	0.0	0.0	0.0	0.3	0.0	0.0	0.0	
"08/21/08"	"M20F"	"N811SS"	"KTBN-KTBN"	0.7	1	0	0.5	0.0	1	0.0	0.0	0.0	0.0	0.7	0.0	0.0	0.0	
"08/22/08"	"M20F"	"N811SS"	"KTBN-KJEF"	0.5	1	0	0.3	0.0	0	0.0	0.0	0.5	0.0	0.5	0.0	0.0	0.0	
"08/22/08"	"M20F"	"N811SS"	"KJEF-KTBN"	0.5	1	0	0.3	0.0	0	0.0	0.0	0.5	0.0	0.5	0.0	0.0	0.0	
"08/24/08"	"M20F"	"N811SS"	"KTBN-M17"	0.6	1	0	0.2	0.0	1	0.0	0.0	0.6	0.0	0.6	0.0	0.0	0.0	
"08/24/08"	"M20F"	"N811SS"	"M17-KTBN"	0.6	1	0	0.0	0.0	0	0.0	0.0	0.6	0.0	0.6	0.0	0.0	0.0	
"08/28/08"	"M20F"	"N811SS"	"KTBN-KTBN"	0.5	1	0	0.0	0.0	0	0.0	0.0	0.0	0.0	0.5	0.0	0.0	0.0	
"08/29/08"	"M20F"	"N811SS"	"KTBN-KCPS"	1.1	1	0	0.8	0.0	1	0.0	0.0	1.1	0.0	1.1	0.0	0.0	0.0	
"08/30/08"	"M20F"	"N811SS"	"KCPS-KMDW"	1.9	1	0	0.0	0.0	0	0.0	0.0	1.9	0.0	1.9	0.0	0.0	0.0	
"09/01/08"	"M20F"	"N811SS"	"KMDW-KCPS"	1.8	1	0	0.0	0.0	0	0.0	0.0	1.8	0.0	1.8	0.0	0.0	0.0	
"09/02/08"	"M20F"	"N811SS"	"KCPS-KTBN"	0.8	0	1	0.0	0.0	0	0.0	0.8	0.8	0.0	0.8	0.0	0.0	0.0	
"09/07/08"	"M20F"	"N811SS"	"KTBN-M17"	0.6	1	0	0.4	0.0	1	0.0	0.0	0.6	0.0	0.6	0.0	0.0	0.0	
"09/07/08"	"M20F"	"N811SS"	"M17-KTBN"	0.5	1	0	0.3	0.0	1	0.0	0.0	0.5	0.0	0.5	0.0	0.0	0.0	
"09/12/08"	"M20F"	"N811SS"	"KTBN-KTUL"	1.8	1	0	0.0	0.0	0	0.0	0.0	1.8	0.0	1.8	0.0	0.0	0.0	
"10/03/08"	"M20F"	"N811SS"	"KTUL-KTBN"	1.5	0	1	0.0	0.0	0	0.0	1.5	1.5	0.0	1.5	0.0	0.0	0.0	
"10/05/08"	"M20F"	"N811SS"	"KTBN-KVIH"	0.3	1	0	0.0	0.0	0	0.0	0.0	0.0	0.0	0.3	0.0	0.0	0.0	
"10/05/08"	"M20F"	"N811SS"	"KVIH-K52"	0.7	1	0	0.0	0.0	0	0.0	0.0	0.7	0.0	0.7	0.0	0.0	0.0	
"10/05/08"	"M20F"	"N811SS"	"K52-K89"	0.3	1	0	0.0	0.0	0	0.0	0.0	0.0	0.0	0.3	0.0	0.0	0.0	
"10/05/08"	"M20F"	"N811SS"	"K89-KTBN"	1.1	1	0	0.0	0.0	0	0.0	0.0	1.1	0.0	1.1	0.0	0.0	0.0	
"10/05/08"	"M20F"	"N811SS"	"KTBN-KMHK"	1.7	1	0	0.0	0.0	0	0.0	0.0	1.7	0.0	1.7	0.0	0.0	0.0	
"10/07/08"	"M20F"	"N811SS"	"KMHK-KTBN"	1.7	1	0	0.0	0.0	0	0.0	0.0	1.7	0.0	1.7	0.0	0.0	0.0	
"10/09/08"	"M20F"	"N811SS"	"KTBN-KPVW"	3.4	1	0	0.0	0.0	0	0.0	0.0	3.4	0.0	3.4	0.0	0.0	0.0	
"10/10/08"	"M20F"	"N811SS"	"KPVW-KFHU"	3.7	1	0	0.0	0.0	0	0.0	0.0	3.7	0.0	3.7	0.0	0.0	0.0	
"10/11/08"	"M20F"	"N811SS"	"KFHU-KVGT"	3.5	1	0	0.5	0.0	0	0.0	0.0	3.5	0.0	3.5	0.0	0.0	0.0	
"10/13/08"	"M20F"	"N811SS"	"KVGT-KFHU"	3.0	1	0	0.0	0.0	0	0.0	0.0	3.0	0.0	3.0	0.0	0.0	0.0	
"10/31/08"	"M20F"	"N811SS"	"KFHU-KRYN"	0.5	1	0	0.0	0.0	0	0.0	0.0	0.0	0.0	0.5	0.0	0.0	0.0	
"10/31/08"	"M20F"	"N811SS"	"KRYN-KAVQ"	0.2	1	0	0.0	0.0	0	0.0	0.0	0.0	0.0	0.2	0.0	0.0	0.0	
"10/31/08"	"M20F"	"N811SS"	"KAVQ-KFHU"	0.7	1	0	0.0	0.0	0	0.0	0.0	0.7	0.0	0.7	0.0	0.0	0.0	
"10/31/08"	"PA34-220T"	"N8377X"	"KAVQ-KAVQ"	0.5	1	0	0.0	0.0	0	0.0	0.0	0.0	0.0	0.0	0.0	0.5	0.0	
"11/01/08"	"M20F"	"N811SS"	"KFHU-KAVQ"	0.7	1	0	0.0	0.0	0	0.0	0.0	0.7	0.0	0.7	0.0	0.0	0.0	
"11/01/08"	"M20F"	"N811SS"	"KAVQ-KFHU"	0.7	1	0	0.0	0.0	0	0.0	0.0	0.7	0.0	0.7	0.0	0.0	0.0	
"11/02/08"	"M20F"	"N811SS"	"KFHU-P29"	0.3	1	0	0.0	0.0	0	0.0	0.0	0.0	0.0	0.3	0.0	0.0	0.0	
"11/02/08"	"M20F"	"N811SS"	"P29-KRYN"	0.6	1	0	0.0	0.0	0	0.0	0.0	0.6	0.0	0.6	0.0	0.0	0.0	
"11/02/08"	"M20F"	"N811SS"	"KRYN-KFHU"	0.7	1	0	0.0	0.0	0	0.0	0.0	0.7	0.0	0.7	0.0	0.0	0.0	
"01/31/09"	"Simulator"	"-"	"KTIW-"	0.0	0	0	0.0	0.0	6	2.1	0.0	0.0	0.0	0.0	0.0	0.0	0.0	
"06/20/09"	"M20J"	"N5767Z"	"KTIW-KTIW"	1.3	8	0	0.0	0.0	0	0.0	0.0	0.0	0.0	1.3	0.0	0.0	0.0	
"06/21/09"	"M20J"	"N5767Z"	"KTIW-KHQM-KTIW"	1.3	2	0	0.0	0.0	0	0.0	0.0	1.3	0.0	1.3	0.0	0.0	0.0	
"06/27/09"	"M20J"	"N5767Z"	"KTIW-KFHR-KTIW"	1.2	2	0	0.0	0.0	0	0.0	0.0	1.2	0.0	1.2	0.0	0.0	0.0	
"06/28/09"	"M20J"	"N5767Z"	"KTIW-KBOI-KBFI-KTIW"	5.3	3	0	0.0	0.0	0	0.0	0.0	5.0	0.0	5.3	0.0	0.0	0.0	
"07/03/09"	"M20J"	"N5767Z"	"KTIW-KOND"	1.5	1	0	0.2	0.0	1	0.0	0.0	1.5	0.0	1.5	0.0	0.0	0.0	
"07/04/09"	"M20J"	"N5767Z"	"KOND-KTIW"	1.5	1	0	0.0	0.0	0	0.0	0.0	1.5	0.0	1.5	0.0	0.0	0.0	
"07/05/09"	"M20J"	"N5767Z"	"KTIW-0S9-KTIW"	1.0	2	0	0.0	0.0	0	0.0	0.0	0.0	0.0	1.0	0.0	0.0	0.0	
"07/18/09"	"M20J"	"N5767Z"	"KTIW-4S9-3S7-KTIW"	2.8	3	0	0.3	0.0	1	0.0	0.0	2.8	0.0	2.8	0.0	0.0	0.0	
"07/25/09"	"M20J"	"N5767Z"	"KTIW-KOLM-KTIW"	1.2	2	0	0.0	0.7	2	0.0	0.0	0.0	0.0	1.2	0.0	0.0	0.0	"IPC"
"07/26/09"	"M20J"	"N5767Z"	"KTIW-0S9-3W5-KPAE-KTIW"	1.9	3	0	0.0	0.0	0	0.0	0.0	0.0	0.0	1.9	0.0	0.0	0.0	
"07/30/09"	"M20J"	"N5767Z"	"KTIW-KPLU-KTIW"	1.2	2	0	0.0	0.0	0	0.0	0.0	0.0	0.0	1.2	0.0	0.0	0.0	
"08/07/09"	"M20J"	"N5767Z"	"KTIW-KTMK-KTIW"	2.2	2	0	0.5	0.0	2	0.0	0.0	2.2	0.0	2.2	0.0	0.0	0.0	
"08/15/09"	"M20J"	"N5767Z"	"KTIW-KCOE"	1.6	1	0	0.0	0.0	0	0.0	0.0	1.6	0.0	1.6	0.0	0.0	0.0	
"08/16/09"	"M20J"	"N5767Z"	"KCOE-KTIW"	1.6	1	0	0.0	0.0	0	0.0	0.0	1.6	0.0	1.6	0.0	0.0	0.0	
"08/21/09"	"M20J"	"N5767Z"	"KTIW-KORS-KTIW"	1.2	2	0	0.5	0.0	1	0.0	0.0	1.2	0.0	1.2	0.0	0.0	0.0	
"08/29/09"	"C172S"	"N335SP"	"OGG-LUP-OGG"	1.1	2	0	0.0	0.0	0	0.0	0.0	0.0	0.0	1.1	0.0	0.0	0.0	
"09/04/09"	"M20J"	"N5767Z"	"KTIW-0S9-KTIW"	1.0	2	0	0.0	0.0	0	0.0	0.0	0.0	0.0	1.0	0.0	0.0	0.0	
"09/12/09"	"M20J"	"N5767Z"	"KTIW-KSPB-KTIW-S36-KTIW"	2.0	4	0	0.0	0.0	0	0.0	0.0	2.0	0.0	2.0	0.0	0.0	0.0	
"09/13/09"	"M20J"	"N5767Z"	"KTIW-KORS-KTIW"	1.2	2	0	0.0	0.0	0	0.0	0.0	1.2	0.0	1.2	0.0	0.0	0.0	
"09/27/09"	"M20J"	"N5767Z"	"KTIW-KSHN-KTIW"	1.5	8	0	0.0	0.0	0	0.0	0.0	0.0	0.0	1.5	0.0	0.0	0.0	
"10/02/09"	"M20J"	"N5767Z"	"KTIW-KUAO-KTIW"	2.4	2	0	0.5	0.0	0	0.0	0.0	2.4	0.0	2.4	0.0	0.0	0.0	
"10/04/09"	"M20J"	"N5767Z"	"KTIW-KCLS-KSHN-KTIW"	1.3	3	0	0.0	0.0	0	0.0	0.0	0.0	0.0	1.3	0.0	0.0	0.0	
"10/09/09"	"M20J"	"N5767Z"	"KTIW-KAPC-KAUN-KCIC-KAUN"	5.2	3	1	0.3	0.0	1	0.0	0.5	0.0	0.0	5.2	0.0	5.2	0.0	
"10/10/09"	"M20J"	"N5767Z"	"KAUN-KTIW"	3.7	1	0	0.0	0.0	0	0.0	0.0	3.7	0.0	3.7	0.0	0.0	0.0	
"10/11/09"	"M20J"	"N5767Z"	"KTIW-14S-KAST-2S9-48W-KTIW"	2.5	5	0	0.0	0.0	0	0.0	0.0	0.0	0.0	2.5	0.0	0.0	0.0	
"10/17/09"	"M20J"	"N5767Z"	"KTIW-KSEA-KHQM-KTIW"	2.5	3	0	2.3	0.0	3	0.0	0.0	0.0	0.0	2.5	0.0	0.0	0.0	
